VxRange in distance [um]: [0.000000 143.855323] NVx:50 bFixVx:0 FixVx:0.442461
VyRange in distance [um]: [-119.484046 29.871012] NVy:50 bFixVy:0 FixVy:-0.033043
VzRange: [0.000000 100.000000] NVz:51 bFixVz:1 FixVz:50.000000
DTRange: [0.001000 0.003000] NDT:10 bFixVDT:1 FixVDT:0.005000
Size: [50 50]
0.050
0.050
0.057
0.054
0.061
0.057
0.060
0.055
0.060
0.060
0.051
0.057
0.042
0.039
0.049
0.048
0.050
0.053
0.060
0.057
0.046
0.050
0.051
0.050
0.045
0.041
0.032
0.029
0.026
0.023
0.011
0.004
0.008
0.007
0.004
0.001
0.001
0.001
0.001
0.001
0.002
0.001
0.000
0.001
0.001
0.000
0.000
-0.000
0.000
-0.000
0.052
0.050
0.049
0.056
0.059
0.054
0.058
0.054
0.058
0.053
0.052
0.046
0.036
0.036
0.047
0.054
0.049
0.054
0.052
0.050
0.047
0.052
0.044
0.042
0.044
0.041
0.032
0.016
0.009
0.004
0.005
0.004
0.005
0.006
0.004
0.001
0.001
0.001
0.001
0.001
0.001
0.001
0.001
0.000
0.000
0.001
0.001
-0.000
0.001
0.000
0.049
0.046
0.035
0.045
0.056
0.056
0.058
0.054
0.054
0.052
0.045
0.038
0.046
0.046
0.046
0.039
0.044
0.048
0.051
0.054
0.049
0.044
0.046
0.041
0.040
0.031
0.016
0.005
0.002
0.004
0.003
0.001
0.002
0.002
0.002
0.001
0.002
-0.000
0.001
0.000
0.000
0.001
-0.000
0.000
-0.000
-0.000
-0.000
0.000
0.000
-0.000
0.041
0.031
0.047
0.052
0.054
0.053
0.052
0.054
0.051
0.045
0.036
0.043
0.032
0.029
0.044
0.038
0.042
0.045
0.049
0.047
0.038
0.023
0.021
0.014
0.008
0.007
0.003
0.001
0.001
0.003
0.003
0.002
0.001
0.001
0.001
0.001
0.000
0.000
0.000
0.000
-0.000
0.000
-0.000
-0.000
-0.001
0.000
0.000
0.001
-0.000
0.000
0.024
0.025
0.039
0.051
0.056
0.052
0.050
0.049
0.030
0.041
0.051
0.046
0.028
0.022
0.021
0.028
0.045
0.045
0.051
0.042
0.022
0.014
0.010
0.003
0.004
0.003
0.001
0.001
0.001
0.001
0.001
0.001
0.000
0.001
0.000
0.001
0.001
-0.000
0.001
-0.000
0.001
0.000
-0.000
0.001
0.000
0.000
-0.000
0.000
0.000
0.000
0.045
0.046
0.049
0.056
0.041
0.022
0.037
0.042
0.029
0.044
0.049
0.045
0.027
0.032
0.016
0.015
0.029
0.039
0.040
0.045
0.030
0.010
0.003
0.001
0.002
0.001
0.001
0.002
0.001
0.002
0.002
0.001
0.001
0.001
0.001
0.000
0.001
0.001
0.001
0.000
-0.000
-0.001
0.000
-0.000
0.000
-0.000
0.001
0.000
0.001
-0.000
0.056
0.058
0.055
0.054
0.058
0.042
0.050
0.055
0.052
0.049
0.047
0.029
0.032
0.038
0.029
0.009
0.010
0.029
0.031
0.027
0.011
0.002
0.000
0.001
0.002
0.001
0.001
0.002
0.001
0.001
0.002
0.002
0.000
-0.000
0.000
0.001
0.001
-0.000
0.000
-0.000
0.000
0.001
0.001
-0.000
-0.000
-0.000
0.001
0.001
-0.000
-0.000
0.061
0.059
0.059
0.055
0.050
0.057
0.056
0.052
0.053
0.052
0.045
0.047
0.040
0.034
0.023
0.018
0.013
0.023
0.026
0.017
0.003
0.001
0.001
0.002
0.001
0.001
0.001
0.001
-0.000
0.000
0.001
0.001
0.000
0.000
0.000
0.000
-0.000
-0.000
-0.000
0.000
-0.000
0.001
-0.000
0.000
0.001
0.000
0.000
0.000
-0.000
-0.000
0.059
0.056
0.050
0.052
0.052
0.058
0.053
0.054
0.057
0.052
0.043
0.045
0.035
0.025
0.019
0.024
0.024
0.018
0.018
0.013
0.003
0.003
0.001
0.001
0.001
0.001
0.001
0.001
0.001
0.001
0.001
0.000
0.000
-0.000
0.001
0.000
-0.000
0.001
0.001
-0.000
0.001
-0.001
-0.000
0.000
-0.001
-0.000
-0.000
-0.000
0.001
0.000
0.060
0.058
0.052
0.044
0.050
0.061
0.058
0.053
0.047
0.044
0.042
0.040
0.034
0.026
0.022
0.018
0.023
0.022
0.017
0.009
0.003
0.002
0.002
0.001
0.001
0.000
0.001
0.000
0.001
0.000
0.000
-0.000
-0.000
0.000
0.000
-0.000
-0.000
0.001
0.001
0.000
0.000
0.000
-0.000
0.000
0.000
0.000
-0.000
-0.000
0.000
0.000
0.062
0.061
0.056
0.049
0.051
0.053
0.026
0.029
0.036
0.035
0.035
0.036
0.034
0.025
0.022
0.014
0.010
0.009
0.007
0.005
0.002
0.001
0.001
0.001
-0.001
0.000
0.000
-0.000
-0.000
0.000
-0.000
-0.000
0.001
0.000
0.001
0.000
-0.000
-0.000
0.001
0.000
0.001
0.000
0.000
-0.000
0.000
-0.000
0.000
-0.000
0.000
0.001
0.053
0.050
0.056
0.048
0.048
0.045
0.045
0.023
0.031
0.037
0.025
0.024
0.021
0.017
0.013
0.011
0.011
0.008
0.005
0.004
0.001
0.002
0.001
0.001
0.001
0.000
0.000
0.000
0.001
0.000
0.000
-0.000
0.000
0.000
-0.000
0.001
-0.001
-0.000
-0.000
0.001
-0.000
0.000
0.001
0.000
0.000
-0.000
0.000
0.000
-0.000
0.001
0.056
0.053
0.054
0.045
0.046
0.038
0.032
0.034
0.032
0.034
0.031
0.021
0.020
0.013
0.008
0.006
0.005
0.003
0.004
0.002
0.002
0.002
0.001
0.001
0.001
0.001
0.000
-0.000
-0.000
-0.000
-0.000
0.000
0.000
0.000
0.000
0.000
0.001
0.001
-0.001
0.000
0.000
0.001
-0.000
0.000
0.001
0.001
-0.000
0.000
0.001
0.000
0.052
0.051
0.040
0.040
0.040
0.034
0.029
0.030
0.029
0.025
0.021
0.011
0.012
0.008
0.005
0.005
0.004
0.002
0.002
0.001
0.001
0.002
0.002
0.001
0.001
-0.000
-0.000
-0.001
-0.001
-0.000
0.001
0.001
0.000
-0.000
0.001
0.000
-0.000
-0.000
0.000
-0.000
-0.000
0.000
-0.000
-0.000
0.001
0.001
0.001
0.001
0.003
0.002
0.029
0.027
0.032
0.036
0.040
0.034
0.030
0.028
0.021
0.019
0.012
0.008
0.006
0.004
0.004
0.005
0.002
0.001
0.001
0.002
0.001
0.001
0.001
0.000
0.000
0.000
-0.001
0.000
0.001
0.000
0.000
0.001
-0.000
-0.000
0.000
0.000
0.000
0.001
-0.000
0.000
0.001
-0.000
0.000
0.001
0.001
0.001
0.002
0.004
0.004
0.005
0.027
0.023
0.030
0.038
0.036
0.035
0.030
0.019
0.015
0.011
0.006
0.005
0.003
0.003
0.004
0.002
0.001
0.001
0.001
0.001
0.000
0.000
-0.000
0.000
0.001
0.000
0.000
-0.000
-0.001
0.001
0.001
-0.000
0.000
-0.000
0.001
0.000
-0.000
0.000
0.000
0.000
0.000
0.001
0.001
0.000
0.001
0.001
0.002
0.003
0.006
0.008
0.017
0.018
0.026
0.030
0.029
0.024
0.016
0.011
0.009
0.007
0.004
0.004
0.002
0.004
0.003
0.002
0.001
0.000
0.000
0.000
0.000
0.000
-0.000
0.000
-0.000
-0.000
0.000
-0.000
0.001
0.000
-0.000
0.000
-0.000
0.000
-0.000
0.001
0.000
0.000
0.001
0.001
0.001
0.000
0.000
0.001
0.002
0.003
0.006
0.011
0.015
0.016
0.014
0.014
0.016
0.025
0.021
0.018
0.014
0.011
0.004
0.005
0.003
0.002
0.002
0.001
0.001
0.001
0.000
0.001
0.000
0.001
0.001
0.000
0.000
0.001
-0.001
0.000
0.000
0.000
-0.001
0.000
0.000
0.000
0.000
0.000
-0.000
0.001
-0.000
-0.000
0.000
0.000
0.001
0.002
0.002
0.004
0.004
0.005
0.005
0.011
0.019
0.022
0.012
0.012
0.015
0.015
0.012
0.010
0.006
0.006
0.004
0.003
0.005
0.002
0.002
0.001
0.001
0.000
0.000
0.001
0.001
0.000
0.000
0.000
0.000
0.000
-0.001
0.000
0.000
0.001
-0.000
0.001
0.000
0.001
-0.000
-0.000
0.000
0.001
0.001
0.000
0.002
0.000
0.001
0.001
0.003
0.005
0.009
0.013
0.017
0.019
0.021
0.024
0.016
0.015
0.014
0.016
0.013
0.009
0.008
0.003
0.002
0.003
0.001
0.001
0.001
-0.000
0.000
0.001
0.001
0.001
-0.000
-0.000
0.000
-0.000
0.001
0.000
0.000
0.000
0.000
-0.001
0.000
-0.000
0.000
0.000
0.000
-0.000
0.000
-0.000
0.000
0.000
0.001
0.002
0.006
0.008
0.007
0.008
0.011
0.014
0.014
0.021
0.022
0.031
0.014
0.017
0.012
0.010
0.007
0.003
0.004
0.003
0.001
0.001
0.000
0.001
0.001
0.000
0.000
0.000
0.000
0.000
0.001
0.000
-0.000
0.000
0.001
0.000
0.001
0.000
0.000
0.001
0.000
-0.000
0.000
-0.000
-0.000
0.000
0.001
0.001
0.002
0.002
0.001
0.002
0.006
0.007
0.010
0.014
0.019
0.022
0.021
0.027
0.027
0.032
0.009
0.012
0.010
0.008
0.007
0.003
0.001
0.001
0.001
0.001
0.000
0.000
0.000
-0.000
0.001
-0.000
0.000
0.000
-0.000
0.001
0.000
0.000
-0.000
-0.000
-0.000
0.001
-0.000
-0.000
0.000
0.000
0.000
0.000
0.001
-0.000
0.001
0.003
0.005
0.004
0.006
0.008
0.009
0.010
0.010
0.016
0.023
0.030
0.035
0.034
0.040
0.040
0.006
0.006
0.006
0.004
0.002
0.003
0.001
0.001
0.001
-0.000
-0.000
0.000
0.000
-0.000
-0.000
0.000
0.000
0.000
-0.000
0.000
0.000
-0.001
0.000
0.000
-0.000
-0.000
0.000
0.001
0.001
0.000
0.001
0.001
0.001
0.000
0.001
0.003
0.004
0.009
0.011
0.011
0.016
0.021
0.020
0.023
0.027
0.030
0.033
0.035
0.040
0.042
0.005
0.004
0.002
0.002
0.001
0.001
0.001
0.001
0.001
0.001
0.000
-0.000
-0.000
0.000
0.000
0.000
0.000
0.000
0.000
0.000
0.000
-0.001
0.001
0.000
0.001
-0.000
0.000
0.001
0.000
0.000
0.000
0.001
0.003
0.003
0.004
0.007
0.007
0.010
0.011
0.013
0.013
0.024
0.034
0.039
0.043
0.042
0.041
0.038
0.044
0.040
0.002
0.002
0.001
0.001
0.000
0.001
0.001
0.000
0.000
0.001
0.000
0.001
-0.000
0.001
0.000
0.000
0.000
0.000
-0.000
0.000
0.000
-0.000
0.001
0.000
0.001
-0.000
0.001
0.000
0.001
0.001
0.001
0.004
0.006
0.007
0.010
0.010
0.010
0.012
0.013
0.019
0.013
0.028
0.039
0.046
0.040
0.043
0.048
0.048
0.048
0.047
0.001
0.001
0.001
0.001
0.000
0.001
-0.000
0.001
0.000
-0.000
-0.000
-0.000
0.000
0.000
0.000
-0.000
0.000
0.000
0.001
0.000
0.000
0.001
0.000
0.001
0.001
0.001
0.001
0.001
0.002
0.003
0.002
0.005
0.006
0.008
0.010
0.013
0.015
0.018
0.024
0.032
0.034
0.041
0.040
0.043
0.044
0.044
0.049
0.045
0.050
0.046
0.000
0.000
0.001
0.001
0.001
-0.000
0.000
0.000
0.001
0.001
-0.000
0.000
0.000
0.000
0.000
-0.000
0.001
0.000
0.000
-0.000
0.000
-0.000
0.001
0.001
0.000
0.001
0.002
0.003
0.003
0.005
0.004
0.005
0.007
0.012
0.014
0.021
0.025
0.030
0.037
0.036
0.040
0.044
0.041
0.042
0.040
0.041
0.045
0.052
0.050
0.053
0.001
0.000
0.000
0.001
0.001
-0.000
-0.000
0.000
-0.000
-0.000
0.000
0.000
0.001
0.000
0.000
0.000
-0.000
0.001
0.000
0.000
0.001
0.001
-0.000
0.001
0.001
0.002
0.002
0.004
0.006
0.008
0.012
0.013
0.019
0.017
0.019
0.022
0.025
0.029
0.038
0.039
0.048
0.049
0.037
0.024
0.037
0.046
0.049
0.053
0.057
0.057
0.001
0.000
0.000
0.000
0.000
0.000
-0.000
-0.000
-0.000
0.000
-0.000
0.000
-0.000
-0.000
0.000
0.000
-0.000
-0.000
0.001
0.001
-0.000
-0.000
0.001
0.002
0.003
0.003
0.004
0.007
0.006
0.009
0.015
0.017
0.019
0.023
0.027
0.032
0.037
0.038
0.047
0.049
0.054
0.052
0.055
0.052
0.041
0.050
0.054
0.058
0.058
0.057
0.001
0.001
0.000
-0.000
0.000
-0.000
0.000
-0.000
-0.000
0.000
0.000
-0.000
-0.000
0.000
-0.000
0.000
0.000
0.001
0.001
0.001
0.001
0.001
0.001
0.001
0.004
0.007
0.008
0.010
0.012
0.015
0.015
0.017
0.021
0.023
0.028
0.034
0.044
0.038
0.048
0.050
0.049
0.054
0.056
0.053
0.059
0.057
0.054
0.056
0.059
0.054
0.001
-0.000
0.001
0.000
0.000
0.000
-0.000
0.001
-0.000
-0.000
0.000
0.000
0.000
0.000
0.000
0.000
0.000
0.001
0.001
0.001
0.001
0.001
0.002
0.003
0.006
0.010
0.012
0.014
0.017
0.023
0.021
0.027
0.025
0.028
0.035
0.037
0.046
0.043
0.046
0.053
0.052
0.051
0.055
0.052
0.057
0.055
0.056
0.054
0.061
0.054
0.001
0.001
0.000
0.001
-0.000
0.000
-0.000
0.000
-0.001
0.000
0.000
0.000
0.000
0.000
0.001
0.001
0.001
0.001
0.001
0.001
0.003
0.005
0.008
0.010
0.013
0.011
0.012
0.014
0.018
0.022
0.026
0.033
0.041
0.044
0.045
0.046
0.047
0.047
0.045
0.048
0.054
0.053
0.051
0.050
0.046
0.051
0.056
0.055
0.056
0.059
0.000
0.001
0.001
-0.000
-0.000
0.000
0.000
-0.000
0.000
-0.000
0.001
0.000
0.001
0.000
0.001
0.001
0.001
0.002
0.002
0.003
0.003
0.006
0.009
0.015
0.017
0.018
0.023
0.022
0.024
0.025
0.029
0.040
0.047
0.046
0.052
0.052
0.056
0.057
0.052
0.057
0.051
0.049
0.048
0.053
0.053
0.058
0.061
0.061
0.057
0.059
0.000
0.001
0.001
0.001
0.000
-0.000
0.000
0.000
0.000
0.001
-0.000
0.001
0.001
0.000
0.001
0.001
0.002
0.005
0.004
0.004
0.008
0.010
0.011
0.016
0.020
0.026
0.031
0.031
0.031
0.032
0.037
0.044
0.052
0.055
0.062
0.057
0.057
0.059
0.056
0.058
0.056
0.057
0.056
0.057
0.061
0.064
0.067
0.059
0.064
0.061
-0.001
-0.000
-0.000
0.001
-0.000
-0.000
-0.000
-0.000
0.001
0.001
-0.001
0.001
0.000
0.001
0.002
0.001
0.002
0.003
0.004
0.006
0.010
0.013
0.018
0.021
0.024
0.028
0.034
0.036
0.040
0.049
0.051
0.052
0.054
0.055
0.057
0.058
0.059
0.053
0.056
0.056
0.058
0.054
0.058
0.061
0.063
0.059
0.060
0.062
0.062
0.063
0.000
-0.000
0.001
0.000
-0.001
-0.000
-0.000
0.001
0.000
0.001
0.001
0.001
0.001
0.001
0.002
0.003
0.004
0.005
0.007
0.013
0.021
0.022
0.024
0.029
0.029
0.028
0.033
0.045
0.049
0.053
0.052
0.055
0.055
0.054
0.052
0.060
0.056
0.057
0.059
0.051
0.057
0.060
0.064
0.063
0.061
0.062
0.062
0.061
0.066
0.062
0.000
-0.000
0.000
0.000
0.000
0.001
0.000
0.000
0.000
0.000
0.001
0.001
0.002
0.001
0.002
0.003
0.005
0.004
0.008
0.017
0.026
0.031
0.034
0.038
0.033
0.034
0.039
0.046
0.050
0.055
0.055
0.059
0.056
0.057
0.057
0.061
0.056
0.047
0.049
0.051
0.058
0.061
0.061
0.057
0.060
0.064
0.059
0.059
0.065
0.063
0.000
0.000
0.000
0.000
0.000
0.001
-0.000
0.001
0.001
0.000
0.001
0.003
0.003
0.004
0.006
0.003
0.003
0.006
0.010
0.017
0.024
0.033
0.033
0.033
0.030
0.033
0.045
0.048
0.047
0.047
0.049
0.050
0.056
0.059
0.058
0.059
0.050
0.060
0.043
0.038
0.050
0.054
0.062
0.063
0.058
0.068
0.057
0.063
0.067
0.064
0.001
0.000
0.000
0.000
0.000
-0.000
0.000
0.001
0.000
-0.000
0.001
0.001
0.002
0.006
0.009
0.004
0.002
0.007
0.012
0.007
0.020
0.031
0.040
0.029
0.015
0.029
0.043
0.046
0.045
0.053
0.051
0.056
0.058
0.060
0.054
0.055
0.054
0.050
0.046
0.038
0.045
0.055
0.059
0.058
0.055
0.058
0.063
0.066
0.067
0.070
0.000
0.000
0.001
0.001
0.001
0.001
0.001
0.001
0.001
0.000
0.003
0.005
0.009
0.015
0.018
0.015
0.010
0.012
0.015
0.019
0.020
0.020
0.023
0.030
0.032
0.043
0.053
0.053
0.048
0.051
0.062
0.060
0.058
0.055
0.058
0.054
0.053
0.052
0.052
0.036
0.041
0.049
0.052
0.053
0.059
0.055
0.055
0.060
0.060
0.067
0.000
0.000
0.000
0.001
0.002
0.003
0.003
0.001
0.001
0.001
0.002
0.005
0.007
0.014
0.022
0.027
0.030
0.034
0.028
0.029
0.024
0.013
0.007
0.025
0.044
0.056
0.061
0.058
0.054
0.058
0.064
0.062
0.062
0.045
0.043
0.032
0.032
0.041
0.047
0.031
0.028
0.036
0.042
0.030
0.051
0.051
0.059
0.060
0.062
0.066
0.000
0.001
0.001
0.001
0.002
0.001
0.003
0.004
0.003
0.002
0.002
0.010
0.017
0.023
0.028
0.030
0.033
0.032
0.033
0.031
0.025
0.013
0.009
0.032
0.053
0.056
0.058
0.063
0.058
0.057
0.058
0.060
0.051
0.038
0.023
0.029
0.033
0.032
0.042
0.025
0.006
0.007
0.028
0.036
0.043
0.046
0.050
0.054
0.059
0.060
0.000
-0.000
0.001
0.001
0.004
0.004
0.004
0.005
0.005
0.004
0.007
0.020
0.021
0.026
0.032
0.031
0.037
0.034
0.033
0.029
0.027
0.016
0.007
0.035
0.050
0.059
0.065
0.063
0.063
0.063
0.056
0.061
0.058
0.044
0.022
0.017
0.021
0.032
0.044
0.025
0.007
0.004
0.016
0.040
0.043
0.044
0.050
0.052
0.051
0.053
0.003
0.001
0.002
0.003
0.003
0.005
0.007
0.009
0.011
0.013
0.018
0.021
0.024
0.026
0.031
0.034
0.037
0.039
0.032
0.016
0.020
0.018
0.014
0.026
0.042
0.052
0.061
0.064
0.059
0.052
0.053
0.058
0.063
0.057
0.042
0.023
0.015
0.031
0.043
0.026
0.012
0.007
0.014
0.029
0.042
0.049
0.050
0.056
0.051
0.055
0.003
0.003
0.003
0.003
0.004
0.005
0.008
0.012
0.018
0.021
0.026
0.028
0.030
0.038
0.034
0.036
0.039
0.048
0.040
0.033
0.026
0.023
0.034
0.039
0.045
0.049
0.063
0.060
0.047
0.042
0.043
0.050
0.059
0.056
0.040
0.031
0.025
0.020
0.036
0.037
0.018
0.015
0.008
0.021
0.038
0.051
0.049
0.055
0.053
0.055
0.004
0.003
0.004
0.006
0.005
0.011
0.014
0.017
0.021
0.024
0.013
0.020
0.034
0.033
0.029
0.041
0.042
0.047
0.048
0.047
0.033
0.028
0.039
0.045
0.045
0.050
0.057
0.063
0.049
0.033
0.048
0.055
0.054
0.061
0.050
0.051
0.041
0.022
0.017
0.031
0.038
0.021
0.015
0.029
0.045
0.051
0.051
0.055
0.052
0.052
0.006
0.008
0.005
0.006
0.007
0.010
0.017
0.023
0.026
0.023
0.008
0.012
0.027
0.036
0.041
0.043
0.047
0.053
0.040
0.023
0.024
0.033
0.030
0.037
0.045
0.048
0.054
0.050
0.051
0.054
0.058
0.060
0.058
0.060
0.055
0.055
0.054
0.049
0.036
0.032
0.037
0.023
0.019
0.029
0.039
0.046
0.051
0.053
0.055
0.053
0.007
0.008
0.010
0.007
0.007
0.007
0.006
0.021
0.035
0.026
0.014
0.020
0.032
0.037
0.040
0.047
0.046
0.049
0.048
0.030
0.026
0.029
0.042
0.043
0.051
0.048
0.053
0.052
0.054
0.058
0.059
0.057
0.058
0.060
0.054
0.047
0.051
0.053
0.049
0.049
0.046
0.040
0.039
0.026
0.030
0.041
0.050
0.050
0.052
0.060
0.012
0.014
0.013
0.013
0.012
0.008
0.004
0.008
0.027
0.032
0.034
0.039
0.028
0.035
0.046
0.057
0.052
0.058
0.052
0.036
0.017
0.028
0.044
0.047
0.049
0.055
0.051
0.054
0.057
0.054
0.059
0.060
0.059
0.053
0.044
0.027
0.037
0.050
0.054
0.049
0.049
0.048
0.039
0.044
0.044
0.045
0.049
0.052
0.051
0.062
0.013
0.014
0.021
0.017
0.019
0.025
0.027
0.023
0.026
0.025
0.035
0.041
0.039
0.021
0.032
0.045
0.047
0.047
0.043
0.041
0.021
0.017
0.028
0.039
0.055
0.065
0.058
0.062
0.051
0.047
0.059
0.057
0.053
0.058
0.047
0.039
0.040
0.045
0.052
0.056
0.055
0.048
0.048
0.044
0.052
0.053
0.053
0.053
0.059
0.062

Notes: 
Time: 2021-07-26_16-55-34