VxRange in distance [um]: [-29.850746 44.776119] NVx:50 bFixVx:0 FixVx:-0.138400
VyRange in distance [um]: [-14.925373 59.701493] NVy:50 bFixVy:0 FixVy:-0.013420
VzRange: [0.000000 100.000000] NVz:101 bFixVz:1 FixVz:37.500000
DTRange: [0.001000 0.003000] NDT:10 bFixVDT:1 FixVDT:0.005000
Size: [50 50]
266400.000
259600.000
146800.000
129200.000
118000.000
97200.000
99200.000
86400.000
83200.000
81200.000
68400.000
75600.000
50000.000
52800.000
51200.000
53600.000
49600.000
40400.000
40000.000
32400.000
36400.000
40000.000
36400.000
29600.000
55200.000
39200.000
41200.000
28000.000
28400.000
29200.000
35600.000
25200.000
30000.000
30000.000
27200.000
33600.000
34400.000
28400.000
32800.000
29200.000
31600.000
29200.000
30400.000
26800.000
36000.000
32000.000
27600.000
26800.000
20400.000
21200.000
92800.000
95600.000
106400.000
96000.000
90000.000
84000.000
75200.000
98000.000
77600.000
59600.000
69600.000
74000.000
65200.000
50000.000
54000.000
42800.000
36400.000
42400.000
49600.000
34000.000
30800.000
36400.000
43600.000
32800.000
34400.000
34000.000
30800.000
34800.000
36000.000
32400.000
25600.000
35600.000
31200.000
28800.000
25200.000
41200.000
33600.000
37600.000
24800.000
25600.000
26400.000
38800.000
30800.000
26400.000
32800.000
26800.000
22000.000
20400.000
18000.000
17200.000
98400.000
80000.000
73200.000
96000.000
98000.000
85600.000
86800.000
85600.000
74800.000
70000.000
54400.000
58800.000
56000.000
56400.000
60000.000
42800.000
44800.000
37200.000
46000.000
32800.000
36800.000
37200.000
33200.000
26800.000
38800.000
31200.000
36400.000
37200.000
40400.000
32000.000
30400.000
28400.000
28800.000
25200.000
23600.000
34000.000
25600.000
31200.000
31600.000
38000.000
26800.000
26800.000
31200.000
26400.000
25600.000
30000.000
26400.000
22400.000
18400.000
16400.000
88800.000
95200.000
80400.000
82000.000
61200.000
72000.000
67200.000
58800.000
57200.000
67600.000
66800.000
62000.000
48000.000
48000.000
48400.000
48400.000
40000.000
46000.000
32400.000
34800.000
33200.000
32000.000
36400.000
31200.000
34800.000
34400.000
35200.000
37200.000
33600.000
33600.000
30800.000
25200.000
26400.000
35200.000
25200.000
34000.000
37600.000
29200.000
31200.000
30000.000
24800.000
22800.000
29600.000
28000.000
20800.000
30400.000
27600.000
18400.000
20800.000
13600.000
64400.000
79600.000
59600.000
64800.000
70400.000
58800.000
65200.000
69600.000
58800.000
49200.000
60000.000
52400.000
51600.000
41600.000
41200.000
41600.000
41200.000
35200.000
32800.000
42000.000
39200.000
41600.000
30000.000
39200.000
28800.000
31200.000
26000.000
29200.000
25600.000
31600.000
27200.000
32400.000
34000.000
37200.000
34000.000
34000.000
25600.000
26800.000
27600.000
25200.000
27200.000
32000.000
30000.000
27600.000
25600.000
24800.000
19600.000
19200.000
15200.000
14400.000
91600.000
86800.000
56000.000
52400.000
64800.000
70800.000
63600.000
49200.000
70000.000
67200.000
48800.000
52000.000
48400.000
41600.000
62800.000
40400.000
42000.000
45600.000
32800.000
45600.000
40800.000
29200.000
36400.000
37200.000
36800.000
29200.000
24000.000
30000.000
28800.000
29600.000
26800.000
32800.000
28800.000
33200.000
32800.000
32400.000
35200.000
29600.000
24400.000
32800.000
25200.000
34800.000
27600.000
26400.000
28400.000
30000.000
25200.000
21600.000
20000.000
15200.000
84400.000
81600.000
62800.000
58000.000
48800.000
52000.000
74400.000
65600.000
58400.000
53600.000
56400.000
37600.000
46400.000
53600.000
55200.000
36400.000
42000.000
42800.000
37200.000
43200.000
37200.000
38800.000
34400.000
26800.000
27200.000
37200.000
34800.000
27200.000
25200.000
26400.000
29200.000
28400.000
35600.000
27200.000
35600.000
27200.000
28800.000
24800.000
23200.000
30000.000
28800.000
28000.000
27200.000
25600.000
30000.000
23200.000
22400.000
18000.000
18000.000
19200.000
59200.000
67200.000
65200.000
44000.000
54800.000
52800.000
52000.000
46800.000
50400.000
56400.000
46800.000
37200.000
47200.000
38000.000
42400.000
43600.000
32000.000
36800.000
36000.000
32800.000
37600.000
29600.000
36400.000
39600.000
31200.000
42800.000
27200.000
31200.000
38000.000
31600.000
27600.000
35600.000
37200.000
32400.000
32800.000
26000.000
27600.000
24800.000
27200.000
27200.000
25200.000
26000.000
24800.000
31600.000
30800.000
25200.000
28400.000
25200.000
21600.000
18000.000
68000.000
71200.000
61600.000
54000.000
50000.000
46400.000
64400.000
54000.000
44400.000
42800.000
51600.000
51600.000
43600.000
40800.000
53600.000
43600.000
42400.000
34800.000
33200.000
43600.000
34400.000
34400.000
32800.000
32800.000
35600.000
37200.000
33200.000
30800.000
35200.000
28400.000
36800.000
36800.000
30400.000
33200.000
32400.000
27600.000
26000.000
23200.000
30400.000
26800.000
28000.000
21600.000
24000.000
22000.000
24400.000
26000.000
14000.000
16800.000
19600.000
12400.000
46400.000
40400.000
49600.000
56000.000
50800.000
51200.000
42400.000
53200.000
48800.000
59600.000
58400.000
44000.000
39200.000
43200.000
37600.000
36800.000
49600.000
34800.000
35200.000
39600.000
37600.000
46000.000
38800.000
32000.000
39600.000
37200.000
34000.000
33600.000
34400.000
42000.000
32000.000
50400.000
34400.000
24800.000
34000.000
31200.000
33600.000
28400.000
28800.000
27200.000
36000.000
31600.000
28000.000
22400.000
22000.000
21200.000
22400.000
20000.000
11600.000
14400.000
42800.000
45600.000
39600.000
64000.000
54000.000
76000.000
44800.000
45600.000
43200.000
39200.000
40800.000
53200.000
46000.000
37600.000
40800.000
43200.000
35600.000
36000.000
38800.000
38800.000
37200.000
42400.000
35600.000
44400.000
34000.000
37200.000
36400.000
31600.000
32800.000
27600.000
36000.000
27200.000
31600.000
28000.000
25200.000
24000.000
28000.000
25600.000
32800.000
26000.000
24800.000
25600.000
22000.000
23200.000
21600.000
25200.000
18400.000
19600.000
16000.000
9200.000
39200.000
44800.000
49600.000
40800.000
55200.000
64800.000
47600.000
52000.000
52800.000
46400.000
36800.000
45200.000
31600.000
48400.000
44000.000
43600.000
38000.000
45200.000
54000.000
43200.000
45600.000
45600.000
39200.000
47600.000
40800.000
48800.000
32800.000
32400.000
32800.000
25200.000
28400.000
25200.000
23600.000
29200.000
25600.000
24800.000
24400.000
30400.000
25200.000
28800.000
23600.000
24000.000
22800.000
23600.000
19600.000
14800.000
14800.000
14800.000
13600.000
10400.000
41600.000
42400.000
53200.000
59600.000
55600.000
44000.000
43600.000
32800.000
40000.000
40400.000
40000.000
33200.000
39200.000
34400.000
43200.000
46000.000
44000.000
40400.000
48800.000
46800.000
48800.000
44400.000
50400.000
48400.000
42000.000
45600.000
43600.000
34800.000
42000.000
32000.000
32800.000
34800.000
32000.000
34000.000
31200.000
35600.000
27200.000
27600.000
26400.000
26400.000
33600.000
17200.000
27200.000
21200.000
13600.000
17600.000
16000.000
13200.000
9600.000
6800.000
43600.000
44000.000
48000.000
49200.000
43200.000
38800.000
44400.000
38000.000
30400.000
39600.000
52000.000
47200.000
53600.000
48000.000
48800.000
40800.000
53600.000
47200.000
52000.000
63200.000
55200.000
66400.000
69200.000
90800.000
64800.000
50800.000
50000.000
46400.000
38400.000
38400.000
32400.000
38000.000
33200.000
27600.000
24800.000
26400.000
27200.000
20800.000
24000.000
27600.000
24400.000
23600.000
22800.000
21200.000
17600.000
9200.000
12800.000
11200.000
9200.000
6400.000
47200.000
44400.000
40400.000
53200.000
37600.000
38800.000
46000.000
40000.000
45200.000
38800.000
41600.000
40400.000
41200.000
42000.000
42800.000
48800.000
48400.000
58800.000
83600.000
96000.000
218000.000
750800.000
953600.000
1063200.000
601200.000
189600.000
91200.000
52400.000
44000.000
29200.000
43200.000
32400.000
26000.000
24800.000
27200.000
26400.000
21600.000
26800.000
20400.000
25600.000
30800.000
19600.000
22000.000
17600.000
17200.000
15200.000
12400.000
9600.000
7600.000
8000.000
77600.000
66400.000
49200.000
49200.000
42800.000
40400.000
40800.000
41200.000
36000.000
35200.000
41200.000
32800.000
34400.000
41600.000
50400.000
55200.000
54800.000
89200.000
196000.000
1253200.000
1531200.000
1543600.000
1354400.000
1089200.000
1164400.000
1110800.000
951600.000
258400.000
52800.000
45200.000
30000.000
28400.000
33200.000
30400.000
27600.000
36800.000
20000.000
30400.000
23200.000
19600.000
24000.000
14400.000
16800.000
16000.000
14800.000
13600.000
12000.000
9600.000
9600.000
6000.000
50400.000
46000.000
52400.000
39600.000
34000.000
34800.000
45600.000
47600.000
46400.000
42000.000
38000.000
44000.000
43600.000
52000.000
53600.000
61600.000
78800.000
286000.000
1317200.000
1276800.000
1328000.000
1548800.000
1216800.000
1286400.000
1321600.000
1138000.000
1044400.000
1091200.000
379200.000
66800.000
36800.000
35200.000
32000.000
32800.000
29200.000
20000.000
37600.000
24800.000
26400.000
25600.000
26400.000
30000.000
14800.000
16800.000
15600.000
12400.000
12800.000
4800.000
5200.000
6800.000
37200.000
48000.000
45200.000
43200.000
39200.000
41600.000
40400.000
38800.000
43600.000
39600.000
46400.000
46800.000
40400.000
54400.000
54800.000
80800.000
183200.000
1359200.000
1388400.000
1578000.000
1499600.000
1318400.000
1272800.000
1230400.000
1206400.000
1253600.000
1175200.000
1064000.000
1000800.000
243600.000
52800.000
38400.000
28800.000
34000.000
30800.000
24000.000
20400.000
28800.000
23600.000
32000.000
30400.000
25200.000
21600.000
14400.000
13600.000
13200.000
12000.000
8800.000
8800.000
4800.000
45200.000
42800.000
38800.000
40800.000
37200.000
36800.000
35600.000
49600.000
42000.000
45600.000
36000.000
54400.000
41600.000
50800.000
62400.000
89600.000
1300800.000
1436800.000
1624400.000
1483600.000
1357200.000
1192000.000
1295200.000
1258800.000
1158400.000
1025200.000
1237600.000
1046800.000
1001200.000
1006000.000
153600.000
37200.000
26000.000
31200.000
24400.000
25200.000
24000.000
20800.000
24400.000
26800.000
32800.000
33600.000
23600.000
16400.000
13200.000
11600.000
8800.000
7200.000
6400.000
4400.000
44000.000
48800.000
39200.000
54800.000
45200.000
40000.000
42800.000
49600.000
51200.000
74000.000
52000.000
39200.000
43600.000
46400.000
59200.000
171200.000
1479200.000
1569600.000
1373600.000
1542000.000
1542800.000
1294000.000
1311600.000
1248000.000
1273600.000
1070800.000
1088400.000
1300000.000
1136800.000
935200.000
206400.000
40000.000
31200.000
27200.000
26000.000
25600.000
28800.000
28000.000
23600.000
22800.000
19200.000
20000.000
17200.000
18000.000
10000.000
12000.000
4400.000
3600.000
4000.000
2400.000
36800.000
39200.000
55600.000
43600.000
39200.000
40000.000
46000.000
39200.000
38000.000
28000.000
36800.000
46400.000
46000.000
60000.000
79200.000
386400.000
1438000.000
1394000.000
1366000.000
1519200.000
1288800.000
1342400.000
1322000.000
1176400.000
1099600.000
1124800.000
1054800.000
1128800.000
998000.000
920400.000
468800.000
60400.000
27200.000
23600.000
26800.000
25200.000
23600.000
22800.000
17200.000
23600.000
17600.000
20800.000
18400.000
11600.000
9200.000
7200.000
6400.000
4000.000
5200.000
4000.000
38000.000
40000.000
33600.000
33200.000
30400.000
28400.000
38400.000
39600.000
35600.000
39200.000
43200.000
46800.000
40800.000
49600.000
83200.000
930000.000
1352800.000
1634800.000
1656400.000
1516400.000
1302800.000
1465600.000
1383600.000
1338000.000
1316400.000
1293200.000
1209200.000
1298800.000
1124400.000
914800.000
781600.000
92800.000
26800.000
26000.000
23200.000
20400.000
22000.000
20000.000
24800.000
18800.000
17200.000
15600.000
13200.000
14400.000
11600.000
6800.000
6000.000
4400.000
5600.000
9600.000
27600.000
34000.000
34000.000
36800.000
30000.000
38400.000
42800.000
40000.000
46400.000
39200.000
33200.000
46000.000
42800.000
46400.000
88000.000
925600.000
1499600.000
1509600.000
1460400.000
1350800.000
1511600.000
1270400.000
1310400.000
1290400.000
1217600.000
1280000.000
1096800.000
1266000.000
1181600.000
895200.000
782000.000
88400.000
32800.000
30000.000
24400.000
18800.000
19200.000
16000.000
15200.000
19600.000
15200.000
14400.000
17200.000
11200.000
11200.000
6000.000
3600.000
4800.000
5200.000
8000.000
31200.000
34000.000
39600.000
31600.000
27200.000
37200.000
35200.000
41600.000
32000.000
36800.000
32400.000
32000.000
35600.000
54000.000
59200.000
266800.000
1583200.000
1687600.000
1580000.000
1351600.000
1334000.000
1421600.000
1398000.000
1287600.000
1250800.000
1136400.000
1094800.000
1052400.000
986400.000
992400.000
580800.000
62000.000
26800.000
18400.000
18400.000
21200.000
22400.000
15200.000
14800.000
16000.000
15600.000
11600.000
8800.000
8000.000
4400.000
8800.000
6000.000
6800.000
10400.000
13600.000
31200.000
36400.000
39200.000
34000.000
36400.000
28000.000
29200.000
49200.000
54800.000
38000.000
38800.000
40400.000
58000.000
39600.000
45600.000
103200.000
1425600.000
1456800.000
1757600.000
1525200.000
1386400.000
1309200.000
1285200.000
1230400.000
1260800.000
1143200.000
959200.000
1068000.000
996800.000
1008000.000
194400.000
39200.000
24000.000
20400.000
18800.000
17200.000
17600.000
16000.000
16400.000
21600.000
15600.000
11200.000
8000.000
7200.000
6000.000
6000.000
8000.000
7200.000
12000.000
22800.000
31600.000
27600.000
30400.000
28000.000
35200.000
30400.000
29600.000
33600.000
32000.000
42400.000
32000.000
34800.000
41200.000
44000.000
48400.000
73600.000
1027200.000
1552800.000
1598000.000
1380000.000
1328800.000
1205600.000
1110000.000
1107600.000
1138000.000
1018800.000
906400.000
974800.000
886400.000
807600.000
103600.000
22800.000
22000.000
20400.000
14000.000
15600.000
14400.000
9600.000
12400.000
15600.000
14000.000
10800.000
8400.000
4400.000
6000.000
5600.000
8000.000
12800.000
15200.000
28800.000
25200.000
26000.000
28800.000
31600.000
30800.000
35600.000
32000.000
26400.000
32800.000
33200.000
25600.000
34800.000
42800.000
43200.000
45600.000
66400.000
111600.000
1193600.000
1244400.000
1309600.000
1181600.000
1130000.000
1061200.000
1014400.000
939600.000
956800.000
850800.000
763600.000
571200.000
100000.000
18400.000
15200.000
15200.000
12400.000
20400.000
16400.000
12800.000
13200.000
14800.000
13600.000
10000.000
6400.000
5200.000
6400.000
8400.000
8800.000
10000.000
11600.000
18400.000
37600.000
25200.000
24000.000
26000.000
28400.000
34000.000
31200.000
30000.000
27200.000
31600.000
27600.000
30800.000
29600.000
32000.000
40800.000
38400.000
43200.000
59200.000
79600.000
934000.000
1059600.000
1110400.000
977200.000
830400.000
785200.000
775600.000
717200.000
658800.000
496800.000
117200.000
18000.000
8400.000
9600.000
12400.000
20400.000
18400.000
12400.000
15600.000
8000.000
11200.000
12800.000
10400.000
6000.000
6400.000
10400.000
14000.000
19200.000
19600.000
20400.000
18400.000
31200.000
16800.000
19200.000
22800.000
22000.000
23200.000
25600.000
25600.000
26000.000
23600.000
21600.000
22800.000
31200.000
34000.000
26000.000
26800.000
32400.000
39200.000
44000.000
50400.000
337200.000
741600.000
599200.000
618400.000
493200.000
468800.000
359600.000
270800.000
47200.000
14800.000
14400.000
12800.000
8000.000
16000.000
16400.000
11600.000
9600.000
11600.000
8800.000
10000.000
4800.000
6000.000
2800.000
6800.000
12000.000
32000.000
36400.000
30000.000
20800.000
21200.000
30000.000
9600.000
12400.000
16400.000
12800.000
19600.000
18400.000
16000.000
25200.000
20800.000
27600.000
21600.000
36400.000
23600.000
28400.000
24000.000
25600.000
29200.000
33200.000
30000.000
32800.000
38400.000
57200.000
106000.000
98000.000
64000.000
22000.000
17600.000
12000.000
17200.000
10000.000
14800.000
13600.000
10000.000
5600.000
10800.000
10800.000
11200.000
7200.000
8400.000
6400.000
6400.000
4400.000
7600.000
18000.000
36400.000
34000.000
30800.000
33200.000
22000.000
20000.000
11200.000
12000.000
14800.000
18000.000
16000.000
18400.000
15200.000
16400.000
22800.000
19200.000
16800.000
18800.000
18800.000
14800.000
22000.000
15200.000
22000.000
23200.000
23600.000
24800.000
24000.000
14800.000
17600.000
22000.000
18000.000
12000.000
17200.000
14000.000
9600.000
13600.000
10400.000
11600.000
8800.000
9600.000
6000.000
8800.000
10800.000
8400.000
4400.000
7200.000
6800.000
7600.000
8000.000
14000.000
25600.000
31600.000
29200.000
28000.000
23200.000
26800.000
7600.000
8000.000
8400.000
6400.000
10000.000
12400.000
12400.000
13200.000
17200.000
16400.000
16800.000
14400.000
13600.000
15600.000
16800.000
12800.000
16800.000
14800.000
14800.000
18800.000
14000.000
16400.000
14400.000
18000.000
16400.000
14000.000
12000.000
14400.000
11200.000
8400.000
10400.000
10400.000
9600.000
9600.000
8400.000
6400.000
8000.000
4800.000
12400.000
10400.000
8400.000
8000.000
8400.000
15200.000
24400.000
32800.000
40000.000
40400.000
23600.000
24000.000
10400.000
11200.000
7600.000
8000.000
14000.000
9200.000
14800.000
14400.000
17200.000
14800.000
12800.000
14400.000
10800.000
8400.000
12400.000
7600.000
12800.000
17600.000
17200.000
15600.000
11200.000
18000.000
13200.000
14000.000
11600.000
11200.000
6800.000
11600.000
10000.000
9200.000
7200.000
10000.000
9600.000
7200.000
4800.000
6400.000
5200.000
11200.000
10400.000
9600.000
7200.000
11200.000
16400.000
15600.000
27600.000
29200.000
28000.000
35600.000
26000.000
20000.000
8400.000
9200.000
6800.000
10400.000
10000.000
10400.000
10800.000
14400.000
9600.000
10800.000
15600.000
15600.000
11600.000
11200.000
9600.000
13600.000
13200.000
10000.000
12000.000
12800.000
13200.000
10400.000
10400.000
11600.000
8800.000
9200.000
4400.000
6400.000
10400.000
5600.000
6000.000
5200.000
4800.000
5600.000
6800.000
7600.000
10400.000
14800.000
16400.000
20400.000
11600.000
14400.000
13200.000
20400.000
19200.000
22800.000
29200.000
30400.000
23200.000
24800.000
8000.000
6000.000
7600.000
8400.000
9200.000
10000.000
10400.000
9200.000
8800.000
10000.000
12400.000
12000.000
10400.000
7600.000
10800.000
10400.000
9200.000
9600.000
13200.000
9200.000
11200.000
7200.000
8400.000
7600.000
7200.000
4800.000
4000.000
6400.000
4000.000
6800.000
7600.000
6400.000
2400.000
6400.000
8400.000
8000.000
12800.000
20000.000
20800.000
14800.000
13200.000
16000.000
17200.000
19200.000
22400.000
23200.000
25600.000
23600.000
29200.000
23600.000
8000.000
4800.000
5200.000
5600.000
7600.000
7600.000
7600.000
7600.000
6800.000
8000.000
8400.000
9200.000
5200.000
7600.000
8800.000
7200.000
10400.000
11200.000
6000.000
7600.000
7200.000
6800.000
6000.000
6800.000
8800.000
6400.000
8000.000
4000.000
4000.000
6400.000
4800.000
6000.000
4800.000
5200.000
8800.000
11600.000
15200.000
16000.000
15200.000
20400.000
17200.000
16000.000
18000.000
18800.000
20800.000
23200.000
26400.000
22400.000
23200.000
17200.000
8800.000
11600.000
4800.000
6400.000
7200.000
6000.000
7200.000
7200.000
5600.000
6400.000
4800.000
8800.000
8000.000
7200.000
8800.000
6400.000
8000.000
5600.000
5600.000
4800.000
5200.000
8000.000
8400.000
7600.000
8000.000
6400.000
6000.000
4000.000
4000.000
5600.000
5200.000
5600.000
7200.000
8400.000
13600.000
15600.000
13200.000
17600.000
14400.000
16400.000
17600.000
16800.000
24000.000
22800.000
24000.000
20000.000
22800.000
22000.000
24000.000
24000.000
6800.000
6400.000
6000.000
8400.000
7200.000
11600.000
4000.000
6000.000
5600.000
5200.000
5200.000
6000.000
7600.000
6000.000
7200.000
11600.000
6800.000
7600.000
5200.000
10400.000
8800.000
5600.000
8400.000
5600.000
2800.000
4000.000
6800.000
5200.000
6000.000
5600.000
5200.000
10000.000
12000.000
13200.000
18000.000
15200.000
22400.000
17600.000
21200.000
23200.000
16800.000
16400.000
21200.000
14800.000
18800.000
20000.000
29600.000
24000.000
29600.000
27200.000
12800.000
11600.000
9200.000
7200.000
6000.000
8000.000
4400.000
7200.000
4800.000
4400.000
5600.000
5600.000
2800.000
6400.000
7200.000
3200.000
5200.000
5600.000
4000.000
3600.000
4000.000
5600.000
4800.000
6800.000
6000.000
4000.000
4800.000
9200.000
7600.000
10400.000
9600.000
14000.000
12000.000
12000.000
18800.000
20800.000
21200.000
14800.000
18400.000
18000.000
22000.000
21200.000
20800.000
18000.000
46000.000
26000.000
22800.000
20000.000
28000.000
27200.000
13200.000
16800.000
12400.000
10800.000
8400.000
9600.000
4400.000
6800.000
7200.000
6800.000
4800.000
8000.000
5600.000
8000.000
7600.000
8800.000
9600.000
5200.000
6400.000
9600.000
8800.000
9600.000
9600.000
8000.000
8000.000
8400.000
9600.000
12400.000
14400.000
12000.000
12400.000
12800.000
10800.000
12400.000
18400.000
16000.000
21200.000
21200.000
19600.000
18800.000
18400.000
27600.000
24400.000
24000.000
22000.000
24000.000
18800.000
22000.000
16000.000
24000.000
24800.000
24800.000
18800.000
12800.000
12400.000
12400.000
9200.000
12000.000
10400.000
9200.000
12000.000
6000.000
11200.000
9200.000
11200.000
12800.000
12400.000
12800.000
12000.000
12000.000
11600.000
10000.000
14000.000
10800.000
12800.000
11200.000
9200.000
10800.000
12000.000
13200.000
13200.000
16400.000
18400.000
16800.000
18400.000
21600.000
23600.000
20800.000
23200.000
18000.000
21200.000
19600.000
32400.000
47200.000
27200.000
16000.000
20800.000
19600.000
21600.000
23600.000
24400.000
27600.000
36800.000
23600.000
18000.000
18400.000
14800.000
15200.000
13200.000
13200.000
8400.000
12800.000
11200.000
18000.000
20400.000
20000.000
14400.000
14400.000
13200.000
13600.000
13600.000
12000.000
11200.000
14400.000
16400.000
13200.000
10800.000
12800.000
18800.000
16400.000
18800.000
14000.000
40400.000
23600.000
18000.000
15600.000
19600.000
19600.000
25200.000
22000.000
20000.000
19200.000
60000.000
342800.000
188800.000
38000.000
21600.000
31200.000
21600.000
22400.000
56400.000
48400.000
43200.000
37200.000
30000.000
26800.000
19600.000
21600.000
23200.000
18400.000
21600.000
18000.000
18400.000
20400.000
26800.000
18800.000
24400.000
17200.000
19600.000
17200.000
11200.000
14400.000
16000.000
15200.000
20400.000
19200.000
18800.000
18800.000
20400.000
24800.000
17200.000
20800.000
17600.000
20800.000
20400.000
26800.000
22000.000
20400.000
20800.000
27200.000
22400.000
18400.000
54000.000
33600.000
22000.000
24800.000
27200.000
22400.000
18800.000
20400.000
67200.000
67600.000
70800.000
73200.000
81600.000
77600.000
58800.000
50400.000
35600.000
38000.000
26000.000
24800.000
24000.000
30000.000
27200.000
24800.000
17200.000
20800.000
17600.000
19200.000
21200.000
14400.000
38400.000
20800.000
21200.000
23200.000
19600.000
16800.000
19200.000
13600.000
18800.000
22400.000
17200.000
22000.000
17600.000
28400.000
21600.000
23600.000
20800.000
58000.000
26800.000
24400.000
21600.000
28800.000
28800.000
23600.000
21200.000
24400.000
32400.000
14800.000
70000.000
57600.000
92800.000
136800.000
251600.000
194000.000
131200.000
98000.000
68000.000
54800.000
47200.000
38000.000
30400.000
26400.000
29200.000
24800.000
23600.000
36000.000
33200.000
24400.000
25600.000
21600.000
18800.000
26800.000
27200.000
19200.000
20400.000
20000.000
19600.000
20800.000
27600.000
22000.000
20000.000
20400.000
20400.000
18400.000
26400.000
23600.000
30800.000
28400.000
23600.000
30400.000
32000.000
21600.000
16000.000
30800.000
20000.000
19600.000
22400.000
22400.000
79600.000
69200.000
107600.000
194400.000
344800.000
640400.000
488800.000
250800.000
102400.000
69600.000
49200.000
33600.000
33200.000
32000.000
45600.000
30000.000
28800.000
30800.000
24000.000
32000.000
24800.000
28000.000
26800.000
26800.000
26400.000
26800.000
26800.000
21600.000
26400.000
21600.000
25600.000
22000.000
32000.000
22000.000
22800.000
18800.000
30400.000
36800.000
24800.000
26800.000
26800.000
25200.000
32000.000
26800.000
17600.000
25200.000
18400.000
18400.000
19600.000
23200.000
65600.000
66800.000
100400.000
159600.000
350800.000
1442000.000
2480000.000
461200.000
91600.000
64800.000
46000.000
36000.000
41200.000
30400.000
33600.000
33200.000
31200.000
21600.000
28400.000
28400.000
19600.000
26000.000
25200.000
24000.000
19600.000
26400.000
25200.000
30800.000
17600.000
29600.000
27200.000
31200.000
25200.000
28800.000
23600.000
27200.000
30400.000
140400.000
52800.000
32800.000
31600.000
31200.000
22400.000
21200.000
24400.000
21600.000
17600.000
25600.000
24400.000
22000.000
57600.000
58000.000
76400.000
146000.000
226800.000
446800.000
520400.000
200400.000
80000.000
63200.000
50400.000
38000.000
35600.000
37600.000
39200.000
33600.000
37200.000
30400.000
36000.000
32000.000
32000.000
33200.000
37200.000
31600.000
24000.000
21600.000
27200.000
27200.000
29200.000
27600.000
24000.000
24000.000
16400.000
27200.000
31600.000
19600.000
21200.000
34400.000
28000.000
36400.000
42800.000
40800.000
22400.000
16400.000
22400.000
20000.000
24800.000
33600.000
22000.000
27600.000
67600.000
58400.000
74000.000
83200.000
104400.000
130400.000
116000.000
118000.000
75200.000
62400.000
55200.000
46000.000
47600.000
32800.000
32800.000
36800.000
28400.000
24400.000
34000.000
30800.000
28800.000
26000.000
27600.000
29600.000
54400.000
24800.000
21200.000
27200.000
25200.000
23600.000
19600.000
23200.000
25200.000
24800.000
26000.000
24000.000
33200.000
39200.000
31600.000
45600.000
102400.000
31200.000
26400.000
28400.000
24400.000
34800.000
18000.000
19600.000
23200.000
48000.000
53200.000
50800.000
64000.000
60000.000
80800.000
80400.000
73200.000
70400.000
56400.000
49200.000
62800.000
39200.000
43600.000
32000.000
37600.000
32800.000
32000.000
27200.000
35600.000
21200.000
28400.000
28000.000
24800.000
30000.000
30800.000
22000.000
22800.000
24000.000
26000.000
30000.000
25600.000
27600.000
28400.000
30400.000
24400.000
26800.000
29200.000
32000.000
74000.000
45200.000
27200.000
22800.000
26800.000
23200.000
20400.000
27600.000
30000.000
24400.000
26000.000
34000.000

Notes: 
Time: 2021-11-23_16-56-46