PB6	14
0.0000231000	0.0000320000	0.0000382350	0.0000433850	0.0000678150	0.0000710300	0.0000742950	0.0000775100	0.0000807750	0.0000839900	0.0000872550	0.0000904700	0.0000937350	0.0000969500	
0.0000003250	0.0000003250	0.0000003250	0.0000003250	0.0000003250	0.0000003250	0.0000003250	0.0000003250	0.0000003250	0.0000003250	0.0000003250	0.0000003250	0.0000003250	0.0000003250	
0	0	0	0	0	0	0	0	0	0	0	0	0	0	
meas	meas	meas	meas	meas	meas	meas	meas	meas	meas	meas	meas	meas	meas	
0.0000000000	0.0000000000	
PB7	14
0.0000231000	0.0000320000	0.0000382350	0.0000433850	0.0000678150	0.0000710300	0.0000742950	0.0000775100	0.0000807750	0.0000839900	0.0000872550	0.0000904700	0.0000937350	0.0000969500	
0.0000003250	0.0000003250	0.0000003250	0.0000003250	0.0000003250	0.0000003250	0.0000003250	0.0000003250	0.0000003250	0.0000003250	0.0000003250	0.0000003250	0.0000003250	0.0000003250	
0	0	0	0	0	0	0	0	0	0	0	0	0	0	
meas	meas	meas	meas	meas	meas	meas	meas	meas	meas	meas	meas	meas	meas	
0.0000000000	0.0000000000	
PB5	17
0.0000000000	0.0000231000	0.0000320000	0.0000382350	0.0000433850	0.0000532750	0.0000640500	0.0000678150	0.0000710300	0.0000742950	0.0000775100	0.0000807750	0.0000839900	0.0000872550	0.0000904700	0.0000937350	0.0000969500	
0.0000200000	0.0000010000	0.0000010000	0.0000010000	0.0000010000	0.0000005000	0.0000010000	0.0000005000	0.0000005000	0.0000005000	0.0000005000	0.0000005000	0.0000005000	0.0000005000	0.0000005000	0.0000005000	0.0000005000	
0	0	0	0	0	0	0	0	0	0	0	0	0	0	0	0	0	
notype	notype	notype	tg	tg	tg1	tg1	tg	tg	tg	tg	tg	tg	tg	tg	tg	tg	
0.0000010000	0.0000007850	
PB2	16
0.0000291000	0.0000304650	0.0000377700	0.0000428200	0.0000470000	0.0000577750	0.0000675500	0.0000707650	0.0000740300	0.0000772450	0.0000805100	0.0000837250	0.0000869900	0.0000902050	0.0000934700	0.0000966850	
0.0000000650	0.0000000650	0.0000000650	0.0000000650	0.0000000650	0.0000000650	0.0000000650	0.0000000650	0.0000000650	0.0000000650	0.0000000650	0.0000000650	0.0000000650	0.0000000650	0.0000000650	0.0000000650	
0	0	0	0	0	0	0	0	0	0	0	0	0	0	0	0	
t	t	t	t	t	tESR	t	t	t	t	t	t	t	t	t	t	
0.0000004400	0.0000004400	
PB4	8
0.0000296650	0.0000372700	0.0000465000	0.0000703650	0.0000768450	0.0000833250	0.0000898050	0.0000962850	
0.0000015000	0.0000009000	0.0000015000	0.0000009000	0.0000009000	0.0000009000	0.0000009000	0.0000009000	
0	0	0	0	0	0	0	0	
notype	notype	notype	notype	notype	notype	notype	notype	
0.0000006000	0.0000006000	
PB3	2
0.0000474650	0.0000582400	
0.0000053100	0.0000053100	
0	0	
w	w	
0.0000004400	0.0000004400	

Comments: