PB6	4
0.0000251000	0.0000340000	0.0000402350	0.0000453850	
0.0000003250	0.0000003250	0.0000003250	0.0000003250	
0	0	0	0	
meas	meas	meas	meas	
0.0000000000	0.0000000000	
PB7	4
0.0000251000	0.0000340000	0.0000402350	0.0000453850	
0.0000003250	0.0000003250	0.0000003250	0.0000003250	
0	0	0	0	
meas	meas	meas	meas	
0.0000000000	0.0000000000	
PB5	6
0.0000000000	0.0000251000	0.0000340000	0.0000402350	0.0000453850	0.0000552750	
0.0000200000	0.0000010000	0.0000010000	0.0000010000	0.0000010000	0.0000005000	
0	0	0	0	0	0	
notype	notype	notype	tg	tg	tg1	
0.0000010000	0.0000007850	
PB2	5
0.0000311000	0.0000324650	0.0000397700	0.0000448200	0.0000490000	
0.0000000650	0.0000000650	0.0000000650	0.0000000650	0.0000000650	
0	0	0	0	0	
t	t	t	t	t	
0.0000004400	0.0000004400	
PB4	3
0.0000316650	0.0000392700	0.0000485000	
0.0000015000	0.0000009000	0.0000015000	
0	0	0	
notype	notype	notype	
0.0000006000	0.0000006000	
PB3	1
0.0000494650	
0.0000053100	
0	
w	
0.0000004400	0.0000004400	

Comments: