PB6	2
0.0000221000	0.0000287300	
0.0000003250	0.0000003250	
0	0	
meas	meas	
0.0000000000	0.0000000000	
PB7	2
0.0000221000	0.0000287300	
0.0000003250	0.0000003250	
0	0	
meas	meas	
0.0000000000	0.0000000000	
PB5	4
0.0000000000	0.0000221000	0.0000287300	0.0000398000	
0.0000200000	0.0000010000	0.0000020000	0.0000010000	
0	0	0	0	
notype	notype	notype	tg1	
0.0000010000	0.0000007850	
PB2	3
0.0000251000	0.0000264650	0.0000335250	
0.0000000650	0.0000000650	0.0000000650	
0	0	0	
t	t	t	
0.0000004400	0.0000004400	
PB4	2
0.0000256650	0.0000327250	
0.0000015000	0.0000015000	
0	0	
notype	notype	
0.0000006000	0.0000006000	
PB3	1
0.0000339900	
0.0000053100	
0	
w	
0.0000004400	0.0000004400	

Comments: