PB6	2
0.0000027650	0.0000059800	
0.0000003250	0.0000003250	
0	0	
meas	meas	
0.0000000000	0.0000000000	
PB7	2
0.0000027650	0.0000059800	
0.0000003250	0.0000003250	
0	0	
meas	meas	
0.0000000000	0.0000000000	
PB5	2
0.0000027650	0.0000059800	
0.0000005000	0.0000005000	
0	0	
tg	tg	
0.0000010000	0.0000007850	
PB2	2
0.0000025000	0.0000057150	
0.0000000650	0.0000000650	
0	0	
t	t	
0.0000004400	0.0000004400	
PB4	1
0.0000053150	
0.0000009000	
0	
notype	
0.0000006000	0.0000006000	
PB8	1
0.0000000000	
0.0000010000	
0	
notype	
0.0000000000	0.0000000000	

Comments: