PB6	6
0.0000221000	0.0000310000	0.0000372350	0.0000423850	0.0000555400	0.0000587550	
0.0000003250	0.0000003250	0.0000003250	0.0000003250	0.0000003250	0.0000003250	
0	0	0	0	0	0	
meas	meas	meas	meas	meas	meas	
0.0000000000	0.0000000000	
PB7	6
0.0000221000	0.0000310000	0.0000372350	0.0000423850	0.0000555400	0.0000587550	
0.0000003250	0.0000003250	0.0000003250	0.0000003250	0.0000003250	0.0000003250	
0	0	0	0	0	0	
meas	meas	meas	meas	meas	meas	
0.0000000000	0.0000000000	
PB5	8
0.0000000000	0.0000221000	0.0000310000	0.0000372350	0.0000423850	0.0000522750	0.0000555400	0.0000587550	
0.0000200000	0.0000010000	0.0000010000	0.0000010000	0.0000010000	0.0000005000	0.0000005000	0.0000005000	
0	0	0	0	0	0	0	0	
notype	notype	notype	tg	tg	tg1	tg	tg	
0.0000010000	0.0000007850	
PB2	7
0.0000281000	0.0000294650	0.0000367700	0.0000418200	0.0000460000	0.0000552750	0.0000584900	
0.0000000650	0.0000000650	0.0000000650	0.0000000650	0.0000000650	0.0000000650	0.0000000650	
0	0	0	0	0	0	0	
t	t	t	t	t	tRabi	tRabi	
0.0000004400	0.0000004400	
PB4	3
0.0000286650	0.0000362700	0.0000547750	
0.0000015000	0.0000009000	0.0000015000	
0	0	0	
notype	notype	notype	
0.0000006000	0.0000006000	
PB3	1
0.0000464650	
0.0000053100	
0	
w	
0.0000004400	0.0000004400	

Comments: