PB6	4
0.0000421000	0.0000487300	0.0000635650	0.0000672800	
0.0000003250	0.0000003250	0.0000003250	0.0000003250	
0	0	0	0	
meas	meas	meas	meas	
0.0000000000	0.0000000000	
PB7	4
0.0000421000	0.0000487300	0.0000635650	0.0000672800	
0.0000003250	0.0000003250	0.0000003250	0.0000003250	
0	0	0	0	
meas	meas	meas	meas	
0.0000000000	0.0000000000	
PB5	6
0.0000000000	0.0000421000	0.0000487300	0.0000598000	0.0000635650	0.0000672800	
0.0000400000	0.0000010000	0.0000020000	0.0000010000	0.0000010000	0.0000010000	
0	0	0	0	0	0	
notype	notype	notype	tg1	tg	tg	
0.0000010000	0.0000007850	
PB2	5
0.0000451000	0.0000470000	0.0000535250	0.0000633000	0.0000670150	
0.0000000650	0.0000000650	0.0000000650	0.0000000650	0.0000000650	
0	0	0	0	0	
t	t	t	t	t	
0.0000004400	0.0000004400	
PB4	3
0.0000443000	0.0000528000	0.0000625200	
0.0000015000	0.0000015000	0.0000015000	
0	0	0	
notype	notype	notype	
0.0000006000	0.0000006000	
PB3	1
0.0000539900	
0.0000053100	
0	
w	
0.0000004400	0.0000004400	

Comments: