PB6	24
0.0000221000	0.0000310000	0.0000372350	0.0000423850	0.0000555400	0.0000587550	0.0000620200	0.0000652350	0.0000685000	0.0000717150	0.0000749800	0.0000781950	0.0000814600	0.0000846750	0.0000879400	0.0000911550	0.0000944200	0.0000976350	0.0001009000	0.0001041150	0.0001073800	0.0001105950	0.0001138600	0.0001170750	
0.0000003250	0.0000003250	0.0000003250	0.0000003250	0.0000003250	0.0000003250	0.0000003250	0.0000003250	0.0000003250	0.0000003250	0.0000003250	0.0000003250	0.0000003250	0.0000003250	0.0000003250	0.0000003250	0.0000003250	0.0000003250	0.0000003250	0.0000003250	0.0000003250	0.0000003250	0.0000003250	0.0000003250	
0	0	0	0	0	0	0	0	0	0	0	0	0	0	0	0	0	0	0	0	0	0	0	0	
meas	meas	meas	meas	meas	meas	meas	meas	meas	meas	meas	meas	meas	meas	meas	meas	meas	meas	meas	meas	meas	meas	meas	meas	
0.0000000000	0.0000000000	
PB7	24
0.0000221000	0.0000310000	0.0000372350	0.0000423850	0.0000555400	0.0000587550	0.0000620200	0.0000652350	0.0000685000	0.0000717150	0.0000749800	0.0000781950	0.0000814600	0.0000846750	0.0000879400	0.0000911550	0.0000944200	0.0000976350	0.0001009000	0.0001041150	0.0001073800	0.0001105950	0.0001138600	0.0001170750	
0.0000003250	0.0000003250	0.0000003250	0.0000003250	0.0000003250	0.0000003250	0.0000003250	0.0000003250	0.0000003250	0.0000003250	0.0000003250	0.0000003250	0.0000003250	0.0000003250	0.0000003250	0.0000003250	0.0000003250	0.0000003250	0.0000003250	0.0000003250	0.0000003250	0.0000003250	0.0000003250	0.0000003250	
0	0	0	0	0	0	0	0	0	0	0	0	0	0	0	0	0	0	0	0	0	0	0	0	
meas	meas	meas	meas	meas	meas	meas	meas	meas	meas	meas	meas	meas	meas	meas	meas	meas	meas	meas	meas	meas	meas	meas	meas	
0.0000000000	0.0000000000	
PB5	26
0.0000000000	0.0000221000	0.0000310000	0.0000372350	0.0000423850	0.0000522750	0.0000555400	0.0000587550	0.0000620200	0.0000652350	0.0000685000	0.0000717150	0.0000749800	0.0000781950	0.0000814600	0.0000846750	0.0000879400	0.0000911550	0.0000944200	0.0000976350	0.0001009000	0.0001041150	0.0001073800	0.0001105950	0.0001138600	0.0001170750	
0.0000200000	0.0000010000	0.0000010000	0.0000010000	0.0000010000	0.0000005000	0.0000005000	0.0000005000	0.0000005000	0.0000005000	0.0000005000	0.0000005000	0.0000005000	0.0000005000	0.0000005000	0.0000005000	0.0000005000	0.0000005000	0.0000005000	0.0000005000	0.0000005000	0.0000005000	0.0000005000	0.0000005000	0.0000005000	0.0000005000	
0	0	0	0	0	0	0	0	0	0	0	0	0	0	0	0	0	0	0	0	0	0	0	0	0	0	
notype	notype	notype	tg	tg	tg1	tg	tg	tg	tg	tg	tg	tg	tg	tg	tg	tg	tg	tg	tg	tg	tg	tg	tg	tg	tg	
0.0000010000	0.0000007850	
PB2	25
0.0000281000	0.0000294650	0.0000367700	0.0000418200	0.0000460000	0.0000552750	0.0000584900	0.0000617550	0.0000649700	0.0000682350	0.0000714500	0.0000747150	0.0000779300	0.0000811950	0.0000844100	0.0000876750	0.0000908900	0.0000941550	0.0000973700	0.0001006350	0.0001038500	0.0001071150	0.0001103300	0.0001135950	0.0001168100	
0.0000000650	0.0000000650	0.0000000650	0.0000000650	0.0000000650	0.0000000650	0.0000000650	0.0000000650	0.0000000650	0.0000000650	0.0000000650	0.0000000650	0.0000000650	0.0000000650	0.0000000650	0.0000000650	0.0000000650	0.0000000650	0.0000000650	0.0000000650	0.0000000650	0.0000000650	0.0000000650	0.0000000650	0.0000000650	
0	0	0	0	0	0	0	0	0	0	0	0	0	0	0	0	0	0	0	0	0	0	0	0	0	
t	t	t	t	t	t	t	t	t	t	t	t	t	t	t	t	t	t	t	t	t	t	t	t	t	
0.0000004400	0.0000004400	
PB4	12
0.0000286650	0.0000362700	0.0000547750	0.0000612550	0.0000677350	0.0000742150	0.0000806950	0.0000871750	0.0000936550	0.0001001350	0.0001066150	0.0001130950	
0.0000015000	0.0000009000	0.0000009000	0.0000009000	0.0000009000	0.0000009000	0.0000009000	0.0000009000	0.0000009000	0.0000009000	0.0000009000	0.0000009000	
0	0	0	0	0	0	0	0	0	0	0	0	
notype	notype	notype	notype	notype	notype	notype	notype	notype	notype	notype	notype	
0.0000006000	0.0000006000	
PB3	1
0.0000464650	
0.0000053100	
0	
w	
0.0000004400	0.0000004400	

Comments: