PB6	4
0.0000231000	0.0000320000	0.0000382350	0.0000433850	
0.0000003250	0.0000003250	0.0000003250	0.0000003250	
0	0	0	0	
meas	meas	meas	meas	
0.0000000000	0.0000000000	
PB7	4
0.0000231000	0.0000320000	0.0000382350	0.0000433850	
0.0000003250	0.0000003250	0.0000003250	0.0000003250	
0	0	0	0	
meas	meas	meas	meas	
0.0000000000	0.0000000000	
PB5	6
0.0000000000	0.0000231000	0.0000320000	0.0000382350	0.0000433850	0.0000532750	
0.0000200000	0.0000010000	0.0000010000	0.0000010000	0.0000010000	0.0000005000	
0	0	0	0	0	0	
notype	notype	notype	tg	tg	tg1	
0.0000010000	0.0000007850	
PB2	5
0.0000291000	0.0000304650	0.0000377700	0.0000428200	0.0000470000	
0.0000000650	0.0000000650	0.0000000650	0.0000000650	0.0000000650	
0	0	0	0	0	
t	t	t	t	t	
0.0000004400	0.0000004400	
PB4	2
0.0000296650	0.0000372700	
0.0000015000	0.0000009000	
0	0	
notype	notype	
0.0000006000	0.0000006000	
PB3	1
0.0000474650	
0.0000053100	
0	
w	
0.0000004400	0.0000004400	

Comments: