PB6	22
0.0000221000	0.0000288000	0.0000714600	0.0000752100	0.0000790100	0.0000827600	0.0000865600	0.0000903100	0.0000941100	0.0000978600	0.0001016600	0.0001054100	0.0001092100	0.0001129600	0.0001167600	0.0001205100	0.0001243100	0.0001280600	0.0001318600	0.0001356100	0.0001394100	0.0001431600	
0.0000003250	0.0000003250	0.0000003250	0.0000003250	0.0000003250	0.0000003250	0.0000003250	0.0000003250	0.0000003250	0.0000003250	0.0000003250	0.0000003250	0.0000003250	0.0000003250	0.0000003250	0.0000003250	0.0000003250	0.0000003250	0.0000003250	0.0000003250	0.0000003250	0.0000003250	
0	0	0	0	0	0	0	0	0	0	0	0	0	0	0	0	0	0	0	0	0	0	
meas	meas	meas	meas	meas	meas	meas	meas	meas	meas	meas	meas	meas	meas	meas	meas	meas	meas	meas	meas	meas	meas	
0.0000000000	0.0000000000	
PB7	22
0.0000221000	0.0000288000	0.0000714600	0.0000752100	0.0000790100	0.0000827600	0.0000865600	0.0000903100	0.0000941100	0.0000978600	0.0001016600	0.0001054100	0.0001092100	0.0001129600	0.0001167600	0.0001205100	0.0001243100	0.0001280600	0.0001318600	0.0001356100	0.0001394100	0.0001431600	
0.0000003250	0.0000003250	0.0000003250	0.0000003250	0.0000003250	0.0000003250	0.0000003250	0.0000003250	0.0000003250	0.0000003250	0.0000003250	0.0000003250	0.0000003250	0.0000003250	0.0000003250	0.0000003250	0.0000003250	0.0000003250	0.0000003250	0.0000003250	0.0000003250	0.0000003250	
0	0	0	0	0	0	0	0	0	0	0	0	0	0	0	0	0	0	0	0	0	0	
meas	meas	meas	meas	meas	meas	meas	meas	meas	meas	meas	meas	meas	meas	meas	meas	meas	meas	meas	meas	meas	meas	
0.0000000000	0.0000000000	
PB5	25
0.0000000000	0.0000221000	0.0000288000	0.0000415950	0.0000676600	0.0000714600	0.0000752100	0.0000790100	0.0000827600	0.0000865600	0.0000903100	0.0000941100	0.0000978600	0.0001016600	0.0001054100	0.0001092100	0.0001129600	0.0001167600	0.0001205100	0.0001243100	0.0001280600	0.0001318600	0.0001356100	0.0001394100	0.0001431600	
0.0000200000	0.0000010000	0.0000020000	0.0000010000	0.0000010000	0.0000010000	0.0000010000	0.0000010000	0.0000010000	0.0000010000	0.0000010000	0.0000010000	0.0000010000	0.0000010000	0.0000010000	0.0000010000	0.0000010000	0.0000010000	0.0000010000	0.0000010000	0.0000010000	0.0000010000	0.0000010000	0.0000010000	0.0000010000	
0	0	0	0	0	0	0	0	0	0	0	0	0	0	0	0	0	0	0	0	0	0	0	0	0	
notype	notype	notype	tg1	tg1	tg	tg	tg	tg	tg	tg	tg	tg	tg	tg	tg	tg	tg	tg	tg	tg	tg	tg	tg	tg	
0.0000010125	0.0000007625	
PB2	27
0.0000251000	0.0000265000	0.0000335950	0.0000475950	0.0000526100	0.0000576450	0.0000596600	0.0000711600	0.0000749100	0.0000787100	0.0000824600	0.0000862600	0.0000900100	0.0000938100	0.0000975600	0.0001013600	0.0001051100	0.0001089100	0.0001126600	0.0001164600	0.0001202100	0.0001240100	0.0001277600	0.0001315600	0.0001353100	0.0001391100	0.0001428600	
0.0000001000	0.0000001000	0.0000001000	0.0000000150	0.0000000350	0.0000000150	0.0000001000	0.0000001000	0.0000001000	0.0000001000	0.0000001000	0.0000001000	0.0000001000	0.0000001000	0.0000001000	0.0000001000	0.0000001000	0.0000001000	0.0000001000	0.0000001000	0.0000001000	0.0000001000	0.0000001000	0.0000001000	0.0000001000	0.0000001000	0.0000001000	
0	0	0	0	0	0	0	0	0	0	0	0	0	0	0	0	0	0	0	0	0	0	0	0	0	0	0	
t	t	t	notype	techo	techo	t	t	t	t	t	t	t	t	t	t	t	t	t	t	t	t	t	t	t	t	t	
0.0000004400	0.0000004400	
PB4	12
0.0000257000	0.0000328950	0.0000745100	0.0000820600	0.0000896100	0.0000971600	0.0001047100	0.0001122600	0.0001198100	0.0001273600	0.0001349100	0.0001424600	
0.0000015000	0.0000015000	0.0000009000	0.0000009000	0.0000009000	0.0000009000	0.0000009000	0.0000009000	0.0000009000	0.0000009000	0.0000009000	0.0000009000	
0	0	0	0	0	0	0	0	0	0	0	0	
notype	notype	notype	notype	notype	notype	notype	notype	notype	notype	notype	notype	
0.0000006000	0.0000006000	
PB3	2
0.0000340950	0.0000601600	
0.0000070000	0.0000070000	
0	0	
w	w	
0.0000004400	0.0000004400	

Comments: