PB2	3
0.0000058000	0.0000114000	0.0000154000	
0.0000001000	0.0000001000	0.0000001000	
0	0	0	
tmw	t	t	
0.0000004400	0.0000004400	
PB5	6
0.0000003000	0.0000080000	0.0000116000	0.0000136000	0.0000156000	0.0000176000	
0.0000020000	0.0000005000	0.0000005000	0.0000005000	0.0000005000	0.0000005000	
0	0	0	0	0	0	
tg0	notype	notype	notype	notype	notype	
0.0000010200	0.0000007600	
PB6	2
0.0000136000	0.0000176000	
0.0000003250	0.0000003250	
0	0	
meas	meas	
0.0000000000	0.0000000000	
PB7	2
0.0000116000	0.0000156000	
0.0000003250	0.0000003250	
0	0	
meas	meas	
0.0000000000	0.0000000000	
PB4	1
0.0000146000	
0.0000015000	
0	
notype	
0.0000000000	0.0000000000	

Comments: