PB6	3
0.0000221000	0.0000288000	0.0000580300	
0.0000003250	0.0000003250	0.0000003250	
0	0	0	
meas	meas	meas	
0.0000000000	0.0000000000	
PB7	3
0.0000221000	0.0000288000	0.0000580300	
0.0000003250	0.0000003250	0.0000003250	
0	0	0	
meas	meas	meas	
0.0000000000	0.0000000000	
PB5	5
0.0000000000	0.0000221000	0.0000288000	0.0000415950	0.0000580300	
0.0000200000	0.0000010000	0.0000020000	0.0000010000	0.0000020000	
0	0	0	0	0	
notype	notype	notype	tg1	notype	
0.0000010125	0.0000007625	
PB2	6
0.0000251000	0.0000265000	0.0000335950	0.0000475950	0.0000526450	0.0000577450	
0.0000001000	0.0000001000	0.0000001000	0.0000000500	0.0000001000	0.0000000500	
0	0	0	0	0	0	
t	t	t	notype	techo	techo	
0.0000004400	0.0000004400	
PB4	2
0.0000257000	0.0000327950	
0.0000015000	0.0000015000	
0	0	
notype	notype	
0.0000006000	0.0000006000	
PB3	1
0.0000340950	
0.0000070000	
0	
w	
0.0000004400	0.0000004400	

Comments: