PB3	1
0.0000059650	
0.0000037900	
0	
w	
0.0000004400	0.0000004400	
PB2	3
0.0000055000	0.0000140550	0.0000170200	
0.0000000650	0.0000000650	0.0000000650	
0	0	0	
t	t	t	
0.0000004400	0.0000004400	
PB5	4
0.0000000000	0.0000102550	0.0000142200	0.0000171850	
0.0000020000	0.0000003000	0.0000015000	0.0000015000	
0	0	0	0	
notype	notype	notype	notype	
0.0000010200	0.0000007600	
PB4	1
0.0000162200	
0.0000015000	
0	
notype	
0.0000000000	0.0000000000	
PB6	2
0.0000148200	0.0000177850	
0.0000003250	0.0000003250	
0	0	
meas	meas	
0.0000000000	0.0000000000	
PB7	2
0.0000142200	0.0000171850	
0.0000003250	0.0000003250	
0	0	
meas	meas	
0.0000000000	0.0000000000	

Comments: