PB6	2
0.0000050000	0.0000105000	
0.0000003250	0.0000003250	
0	0	
meas	meas	
0.0000000000	0.0000000000	
PB7	2
0.0000025000	0.0000080000	
0.0000003250	0.0000003250	
0	0	
meas	meas	
0.0000000000	0.0000000000	
PB5	4
0.0000025000	0.0000050000	0.0000080000	0.0000105000	
0.0000005000	0.0000005000	0.0000005000	0.0000005000	
0	0	0	0	
notype	notype	notype	notype	
0.0000010125	0.0000007625	
PB2	2
0.0000020000	0.0000075000	
0.0000001000	0.0000001000	
0	0	
t	t	
0.0000004400	0.0000004400	
PB4	1
0.0000068000	
0.0000015000	
0	
notype	
0.0000006000	0.0000006000	
PB8	1
0.0000000000	
0.0000010000	
0	
notype	
0.0000000000	0.0000000000	

Comments: