PB6	2
0.0000018000	0.0000039000	
0.0000003250	0.0000003250	
0	0	
meas	meas	
0.0000000000	0.0000000000	
PB7	2
0.0000018000	0.0000039000	
0.0000003250	0.0000003250	
0	0	
meas	meas	
0.0000000000	0.0000000000	
PB5	2
0.0000018000	0.0000039000	
0.0000003500	0.0000003500	
0	0	
tg	tg	
0.0000010125	0.0000007625	
PB2	2
0.0000015000	0.0000036000	
0.0000001000	0.0000001000	
0	0	
t	t	
0.0000004400	0.0000004400	
PB4	1
0.0000032000	
0.0000009000	
0	
notype	
0.0000006000	0.0000006000	
PB8	1
0.0000000000	
0.0000010000	
0	
notype	
0.0000000000	0.0000000000	

Comments: