PB3	2
0.0000031100	0.0000093100	
0.0000050000	0.0000050000	
0	0	
w	w	
0.0000004400	0.0000004400	
PB2	4
0.0000030000	0.0000092000	0.0000160000	0.0000180000	
0.0000001000	0.0000001000	0.0000001000	0.0000001000	
90	90	0	0	
t	t	t	t	
0.0000004400	0.0000004400	
PB5	5
0.0000000000	0.0000082000	0.0000144000	0.0000162000	0.0000182000	
0.0000020000	0.0000003000	0.0000003000	0.0000005000	0.0000005000	
0	0	0	0	0	
notype	notype	notype	notype	notype	
0.0000010200	0.0000076000	
PB4	3
0.0000086000	0.0000147000	0.0000173750	
0.0000001000	0.0000002000	0.0000010000	
0	0	0	
notype	notype	notype	
0.0000000000	0.0000000000	
PB6	1
0.0000182000	
0.0000003250	
0	
meas	
0.0000000000	0.0000000000	
PB7	1
0.0000162000	
0.0000003250	
0	
meas	
0.0000000000	0.0000000000	

Comments: