PB6	2
0.0000108950	0.0000193950	
0.0000003250	0.0000003250	
0	0	
meas	meas	
0.0000000000	0.0000000000	
PB7	2
0.0000065000	0.0000150000	
0.0000003250	0.0000003250	
0	0	
meas	meas	
0.0000000000	0.0000000000	
PB2	2
0.0000060000	0.0000145000	
0.0000001000	0.0000001000	
0	0	
t	t	
0.0000004400	0.0000004400	
PB5	3
0.0000000000	0.0000065000	0.0000150000	
0.0000030000	0.0000050000	0.0000050000	
0	0	0	
notype	notype	notype	
0.0000010125	0.0000007625	
PB4	1
0.0000135000	
0.0000040000	
0	
notype	
0.0000000000	0.0000000000	

Comments: