PB6	2
0.0000264950	0.0000394950	
0.0000003250	0.0000003250	
0	0	
meas	meas	
0.0000000000	0.0000000000	
PB7	2
0.0000221000	0.0000351000	
0.0000003250	0.0000003250	
0	0	
meas	meas	
0.0000000000	0.0000000000	
PB5	8
0.0000000000	0.0000221000	0.0000264950	0.0000351000	0.0000394950	0.0000410000	0.0000545000	0.0000690000	
0.0000200000	0.0000005000	0.0000005000	0.0000005000	0.0000005000	0.0000020000	0.0000010000	0.0000010000	
0	0	0	0	0	0	0	0	
notype	notype	notype	notype	notype	tg0	tg1	tg1	
0.0000010125	0.0000007625	
PB2	4
0.0000314000	0.0000328000	0.0000465000	0.0000610000	
0.0000001000	0.0000001000	0.0000001000	0.0000001000	
0	0	0	0	
t	t	t	t	
0.0000004400	0.0000004400	
PB4	1
0.0000320000	
0.0000015000	
0	
notype	
0.0000006000	0.0000006000	
PB3	2
0.0000470000	0.0000615000	
0.0000070000	0.0000070000	
0	0	
w	w	
0.0000004400	0.0000004400	

Comments: