PB6	4
0.0000124950	0.0000274950	0.0000413950	0.0000543950	
0.0000003250	0.0000003250	0.0000003250	0.0000003250	
0	0	0	0	
meas	meas	meas	meas	
0.0000000000	0.0000000000	
PB7	4
0.0000081000	0.0000231000	0.0000370000	0.0000500000	
0.0000003250	0.0000003250	0.0000003250	0.0000003250	
0	0	0	0	
meas	meas	meas	meas	
0.0000000000	0.0000000000	
PB5	9
0.0000000000	0.0000081000	0.0000124950	0.0000231000	0.0000274950	0.0000370000	0.0000413950	0.0000500000	0.0000543950	
0.0000030000	0.0000005000	0.0000005000	0.0000005000	0.0000005000	0.0000005000	0.0000005000	0.0000005000	0.0000005000	
0	0	0	0	0	0	0	0	0	
notype	tg	tg	tg	tg	tg	tg	tg	tg	
0.0000010125	0.0000007625	
PB2	4
0.0000190000	0.0000208000	0.0000350000	0.0000477000	
0.0000001000	0.0000001000	0.0000001000	0.0000001000	
0	0	0	0	
t	t	t	t	
0.0000004400	0.0000004400	
PB4	2
0.0000200000	0.0000469000	
0.0000015000	0.0000015000	
0	0	
notype	notype	
0.0000006000	0.0000006000	

Comments: