PB6	2
0.0000035000	0.0000075000	
0.0000003250	0.0000003250	
0	0	
meas	meas	
0.0000000000	0.0000000000	
PB7	2
0.0000015000	0.0000055000	
0.0000003250	0.0000003250	
0	0	
meas	meas	
0.0000000000	0.0000000000	
PB5	4
0.0000015000	0.0000035000	0.0000055000	0.0000075000	
0.0000005000	0.0000005000	0.0000005000	0.0000005000	
0	0	0	0	
notype	notype	notype	notype	
0.0000010200	0.0000007600	
PB2	2
0.0000013000	0.0000053000	
0.0000001000	0.0000001000	
0	0	
t	t	
0.0000004400	0.0000004400	
PB4	2
0.0000000000	0.0000050000	
0.0000002000	0.0000010000	
0	0	
notype	notype	
0.0000000000	0.0000000000	

Comments: