PB6	2
0.0000094950	0.0000224950	
0.0000003250	0.0000003250	
0	0	
meas	meas	
0.0000000000	0.0000000000	
PB7	2
0.0000051000	0.0000181000	
0.0000003250	0.0000003250	
0	0	
meas	meas	
0.0000000000	0.0000000000	
PB5	5
0.0000000000	0.0000051000	0.0000094950	0.0000181000	0.0000224950	
0.0000030000	0.0000005000	0.0000005000	0.0000005000	0.0000005000	
0	0	0	0	0	
notype	notype	notype	notype	notype	
0.0000010125	0.0000007625	
PB2	2
0.0000140000	0.0000158000	
0.0000001000	0.0000001000	
0	0	
t	t	
0.0000004400	0.0000004400	
PB4	1
0.0000150000	
0.0000015000	
0	
notype	
0.0000006000	0.0000006000	

Comments: