PB5	3
0.0000017600	0.0000051700	0.0000085000	
0.0000012000	0.0000012000	0.0000012000	
0	0	0	
notype	notype	notype	
0.0000007000	0.0000007000	
PB2	2
0.0000005000	0.0000075000	
0.0000000600	0.0000000600	
0	0	
rabi	rabi	
0.0000000000	0.0000000000	
PB0	3
0.0000017600	0.0000051700	0.0000085000	
0.0000004000	0.0000004000	0.0000004000	
0	0	0	
readout	readout	readout	
0.0000000000	0.0000000000	
PB15	1
0.0000000000	
0.0000099000	
0	
notype	
0.0000000000	0.0000000000	
PB3	1
0.0000070000	
0.0000010000	
0	
notype	
0.0000000000	0.0000000000	

Comments: