PB5	5
0.0000000000	0.0000050025	0.0000260825	0.0000670825	0.0001230825	
0.0000030000	0.0000030000	0.0000030000	0.0000030000	0.0000030000	
0	0	0	0	0	
notype	notype	notype	notype	notype	
0.0000005200	0.0000005200	
PB0	4
0.0000050000	0.0000260800	0.0000670800	0.0001230800	
0.0000003000	0.0000003000	0.0000003000	0.0000003000	
0	0	0	0	
notype	notype	notype	notype	
0.0000000000	0.0000000000	
PB2	6
0.0000102350	0.0000340825	0.0000510825	0.0000730825	0.0000900825	0.0001070825	
0.0000150000	0.0000150000	0.0000150000	0.0000150000	0.0000150000	0.0000150000	
0	0	0	0	0	0	
T	T	T	T	T	T	
0.0000001800	0.0000001800	
PB3	6
0.0000102350	0.0000340825	0.0000510825	0.0000730825	0.0000900825	0.0001070825	
0.0000150000	0.0000150000	0.0000150000	0.0000150000	0.0000150000	0.0000150000	
0	0	0	0	0	0	
Scan	notype	Scan	notype	notype	Scan	
0.0000002200	0.0000002200	

Comments: