PB0	2
0.0003100000	0.0003130000	
0.0000002000	0.0000002000	
0	0	
notype	notype	
0.0000000000	0.0000000000	
PB5	3
0.0000000000	0.0003100000	0.0003130000	
0.0000010000	0.0000010000	0.0000010000	
0	0	0	
notype	notype	notype	
0.0000007700	0.0000007700	
PB4	3
0.0000099700	0.0000100000	0.0000100525	
0.0000000250	0.0000000500	0.0000000250	
0	0	0	
notype	Tau	Tau	
0.0000000875	0.0000000875	
PB3	1
0.0000035000	
0.0000130000	
0	
Tau	
0.0000000000	0.0000000000	
PB10	1
0.0000000000	
0.0003200000	
0	
notype	
0.0000000000	0.0000000000	

Comments: