PB5	17
0.0000000000	0.0000715300	0.0001623000	0.0002534500	0.0013750000	0.0018500000	0.0020000000	0.0021500000	0.0034000000	0.0037500000	0.0039000000	0.0040500000	0.0052000000	0.0058000000	0.0059500000	0.0061000000	0.0074000000	
0.0000050000	0.0000005000	0.0000005000	0.0000005000	0.0000005000	0.0000005000	0.0000005000	0.0000005000	0.0000005000	0.0000005000	0.0000005000	0.0000005000	0.0000005000	0.0000005000	0.0000005000	0.0000005000	0.0000005000	
0	0	0	0	0	0	0	0	0	0	0	0	0	0	0	0	0	
notype	notype	notype	notype	notype	notype	notype	notype	notype	notype	notype	notype	notype	notype	notype	notype	notype	
0.0000000000	0.0000000000	
PB12	16
0.0000446600	0.0001211000	0.0002122500	0.0013000000	0.0018000000	0.0019500000	0.0021000000	0.0033000000	0.0037000000	0.0038500000	0.0040000000	0.0051000100	0.0057500000	0.0059000000	0.0060500000	0.0073000000	
0.0000080000	0.0000080000	0.0000080000	0.0000080000	0.0000080000	0.0000080000	0.0000080000	0.0000080000	0.0000080000	0.0000080000	0.0000080000	0.0000080000	0.0000080000	0.0000080000	0.0000080000	0.0000080000	
0	0	0	0	0	0	0	0	0	0	0	0	0	0	0	0	
notype	notype	notype	notype	notype	notype	notype	notype	notype	notype	notype	notype	notype	notype	notype	notype	
0.0000000000	0.0000000000	
PB4	24
0.0000300000	0.0001011500	0.0001923000	0.0004999625	0.0007499625	0.0010000000	0.0017500000	0.0019000000	0.0020500000	0.0023999625	0.0026499625	0.0029000000	0.0036500000	0.0038000000	0.0039500000	0.0042999625	0.0045499600	0.0048000000	0.0057000000	0.0058500000	0.0060000000	0.0064999625	0.0067499625	0.0070000000	
0.0000007000	0.0000007000	0.0000007000	0.0000000375	0.0000000750	0.0000000375	0.0000007000	0.0000007000	0.0000007000	0.0000000375	0.0000000750	0.0000000375	0.0000007000	0.0000007000	0.0000007000	0.0000000375	0.0000000750	0.0000001125	0.0000007000	0.0000007000	0.0000007000	0.0000000375	0.0000000750	0.0000001125	
0	0	0	0	0	0	0	0	0	0	0	0	0	0	0	0	0	0	0	0	0	0	0	0	
notype	notype	notype	notype	topo	topo	notype	notype	notype	notype	notype	notype	notype	notype	notype	notype	notype	notype	notype	notype	notype	notype	notype	notype	
0.0000000875	0.0000000875	
PB7	4
0.0015000000	0.0035000000	0.0053000100	0.0075000000	
0.0000000100	0.0000000100	0.0000000100	0.0000000100	
0	0	0	0	
notype	notype	notype	notype	
0.0000000000	0.0000000000	
PB0	1
0.0080000000	
0.0000000100	
0	
notype	
0.0000000000	0.0000000000	
PB10	4
0.0004000000	0.0023000000	0.0041500000	0.0064000000	
0.0008000000	0.0008000000	0.0008000000	0.0008000000	
0	0	0	0	
notype	notype	notype	notype	
0.0000000000	0.0000000000	
PB3	4
0.0005050000	0.0007553750	0.0043050000	0.0045550375	
0.0000700000	0.0000700000	0.0000700000	0.0000700000	
0	0	0	0	
meas	meas	meas	meas	
0.0000000000	0.0000000000	

Comments: