PB5	11
0.0000010000	0.0004500300	0.0006002000	0.0010492300	0.0011994000	0.0016484300	0.0017986000	0.0022476300	0.0023978000	0.0026301000	0.0028801000	
0.0000002000	0.0000002000	0.0000002000	0.0000002000	0.0000002000	0.0000002000	0.0000002000	0.0000002000	0.0000002000	0.0000002000	0.0000002000	
0	0	0	0	0	0	0	0	0	0	0	
notype	notype	notype	notype	notype	notype	notype	notype	notype	notype	notype	
0.0000000000	0.0000000000	
PB3	5
0.0001003300	0.0006995300	0.0012987300	0.0018979300	0.0024971300	
0.0002200000	0.0002200000	0.0002200000	0.0002200000	0.0000001000	
0	0	0	0	0	
notype	notype	notype	notype	notype	
0.0000000000	0.0000000000	
PB2	5
0.0000040000	0.0006032000	0.0012024000	0.0018016000	0.0024008000	
0.0000013000	0.0000013000	0.0000013000	0.0000013000	0.0000013000	
0	0	0	0	0	
notype	notype	notype	notype	notype	
0.0000000875	0.0000000875	
PB0	1
0.0000600000	
0.0000002000	
0	
notype	
0.0000007700	0.0000007700	
PB7	3
0.0005000000	0.0016984000	0.0026769000	
0.0000000100	0.0000000100	0.0000000100	
0	0	0	
notype	notype	notype	
0.0000000000	0.0000000000	
PB8	1
0.0028301000	
0.0000000100	
0	
notype	
0.0000000000	0.0000000000	

Comments: