PB6	3
0.0000173950	0.0000201000	0.0000231000	
0.0000003240	0.0000003250	0.0000003250	
0	0	0	
meas	meas	meas	
0.0000000000	0.0000000000	
PB7	3
0.0000130000	0.0000195000	0.0000225000	
0.0000003240	0.0000003250	0.0000003250	
0	0	0	
meas	meas	meas	
0.0000000000	0.0000000000	
PB3	1
0.0000041100	
0.0000050000	
0	
w	
0.0000004400	0.0000004400	
PB2	4
0.0000040000	0.0000128000	0.0000193000	0.0000223000	
0.0000001000	0.0000001000	0.0000001000	0.0000001000	
90	90	0	0	
t	t	t	t	
0.0000004400	0.0000004400	
PB5	5
0.0000000000	0.0000092000	0.0000130000	0.0000195000	0.0000225000	
0.0000030000	0.0000030000	0.0000050000	0.0000015000	0.0000015000	
0	0	0	0	0	
notype	notype	notype	notype	notype	
0.0000010500	0.0000010500	
PB4	2
0.0000100000	0.0000215000	
0.0000060000	0.0000015000	
0	0	
mw	notype	
0.0000000000	0.0000000000	

Comments: