PB5	4
0.0000000000	0.0000030250	0.0000050250	0.0000099000	
0.0000005000	0.0000008000	0.0000008000	0.0000008000	
0	0	0	0	
notype	notype	notype	notype	
0.0000007700	0.0000007700	
PB2	4
0.0000015000	0.0000079650	0.0000082100	0.0000084900	
0.0000000700	0.0000000350	0.0000000700	0.0000000350	
0	0	0	0	
notype	notype	echo	echo	
0.0000000000	0.0000000000	
PB0	3
0.0000030250	0.0000050250	0.0000099000	
0.0000003000	0.0000003000	0.0000003000	
0	0	0	
notype	notype	notype	
0.0000000000	0.0000000000	
PB17	1
0.0000000000	
0.0000110000	
0	
notype	
0.0000000000	0.0000000000	
PB3	1
0.0000080000	
0.0000010000	
0	
notype	
0.0000000600	0.0000000800	

Comments: