PB5	5
0.0000000000	0.0000100000	0.0000250000	0.0000400000	0.0000550000	
0.0000050000	0.0000100000	0.0000100000	0.0000100000	0.0000050000	
0	0	0	0	0	
notype	notype	notype	notype	notype	
0.0000007500	0.0000007500	
PB2	7
0.0000080000	0.0000080200	0.0000080550	0.0000230000	0.0000380000	0.0000380200	0.0000380550	
0.0000000150	0.0000000300	0.0000000150	0.0000000300	0.0000000150	0.0000000300	0.0000000450	
0	0	0	0	0	0	0	
notype	T	T	notype	notype	T	T	
0.0000000000	0.0000000000	
PB0	4
0.0000100000	0.0000250000	0.0000400000	0.0000550000	
0.0000004000	0.0000004000	0.0000004000	0.0000004000	
0	0	0	0	
notype	notype	notype	notype	
0.0000000000	0.0000000000	

Comments: