PB4	22
0.0000000000	0.0004100000	0.0007600000	0.0011100000	0.0014600000	0.0030000000	0.0034100000	0.0037600000	0.0041100000	0.0044600000	0.0030999625	0.0032499625	0.0034000000	0.0034499625	0.0035999625	0.0037500000	0.0037999625	0.0039499625	0.0041000000	0.0041499625	0.0042999600	0.0044500000	
0.0000005000	0.0000010000	0.0000010000	0.0000010000	0.0000010000	0.0000005000	0.0000010000	0.0000010000	0.0000010000	0.0000010000	0.0000000375	0.0000000750	0.0000000375	0.0000000375	0.0000000750	0.0000001125	0.0000000375	0.0000000750	0.0000000375	0.0000000375	0.0000000750	0.0000001125	
0	0	0	0	0	0	0	0	0	0	0	0	0	0	0	0	0	0	0	0	0	0	
notype	notype	notype	notype	notype	notype	notype	notype	notype	notype	notype	notype	notype	notype	notype	notype	notype	notype	notype	notype	notype	notype	
0.0000007700	0.0000007700	
PB4	12
0.0000999625	0.0002499625	0.0004000000	0.0004499625	0.0005999625	0.0007500000	0.0007999625	0.0009499625	0.0011000000	0.0011499625	0.0012999600	0.0014500000	
0.0000000375	0.0000000750	0.0000000375	0.0000000375	0.0000000750	0.0000001125	0.0000000375	0.0000000750	0.0000000375	0.0000000375	0.0000000750	0.0000001125	
0	0	0	0	0	0	0	0	0	0	0	0	
notype	notype	notype	notype	notype	notype	notype	notype	notype	notype	notype	notype	
0.0000000875	0.0000000875	
PB3	8
0.0001050000	0.0002550000	0.0004550475	0.0006050475	0.0031050000	0.0032550000	0.0034550475	0.0036050475	
0.0000700000	0.0000700000	0.0000700000	0.0000700000	0.0000200000	0.0000200000	0.0000200000	0.0000200000	
0	0	0	0	0	0	0	0	
georg	georg	georg	georg	georg	georg	georg	georg	
0.0000000000	0.0000000000	
PB0	8
0.0004100000	0.0007600000	0.0011100000	0.0014600000	0.0034100000	0.0037600000	0.0041100000	0.0044600000	
0.0000003000	0.0000003000	0.0000003000	0.0000003000	0.0000003000	0.0000003000	0.0000003000	0.0000003000	
0	0	0	0	0	0	0	0	
notype	notype	notype	notype	notype	notype	notype	notype	
0.0000000000	0.0000000000	
PB10	1
0.0000000000	
0.0060000000	
0	
notype	
0.0000000000	0.0000000000	

Comments: