PB6	6
0.0000000000	0.0000009975	0.0000049575	0.0000093775	0.0000133375	0.0000172575	
0.0000005000	0.0000035000	0.0000035000	0.0000035000	0.0000035000	0.0000040000	
0	0	0	0	0	0	
notype	notype	notype	notype	notype	notype	
0.0000007850	0.0000007850	
PB0	10
0.0000030050	0.0000039625	0.0000069650	0.0000079200	0.0000113850	0.0000123425	0.0000153450	0.0000163000	0.0000197650	0.0000207225	
0.0000000100	0.0000000100	0.0000000100	0.0000000100	0.0000000100	0.0000000100	0.0000000100	0.0000000100	0.0000000100	0.0000000100	
0	0	0	0	0	0	0	0	0	0	
notype	notype	notype	notype	notype	notype	notype	notype	notype	notype	
0.0000000000	0.0000000000	
PB2	3
0.0000009975	0.0000093775	0.0000177575	
0.0000020000	0.0000020000	0.0000020000	
0	0	0	
T	T	T	
-0.0000000850	-0.0000000850	
PB3	5
0.0000030000	0.0000069600	0.0000113800	0.0000153400	0.0000197600	
0.0000015000	0.0000015000	0.0000015000	0.0000015000	0.0000015000	
0	0	0	0	0	
notype	notype	notype	notype	notype	
0.0000005525	0.0000005525	

Comments: