PB5	4
0.0000020000	0.0000065000	0.0000094500	0.0000135000	
0.0000010000	0.0000010000	0.0000010000	0.0000010000	
0	0	0	0	
notype	notype	notype	notype	
0.0000007700	0.0000007700	
PB2	7
0.0000045000	0.0000045500	0.0000046900	0.0000048300	0.0000049700	0.0000050900	0.0000120000	
0.0000000300	0.0000001000	0.0000001000	0.0000001000	0.0000001000	0.0000000300	0.0000000600	
0	0	0	0	0	0	0	
rab	cpmg	cpmg	cpmg	cpmg	notype	notype	
0.0000000000	0.0000000000	
PB0	3
0.0000065000	0.0000095000	0.0000135000	
0.0000003000	0.0000003000	0.0000003000	
0	0	0	
notype	notype	notype	
0.0000000000	0.0000000000	
PB17	1
0.0000010000	
0.0000400000	
0	
notype	
0.0000000000	0.0000000000	
PB19	4
0.0000046600	0.0000048000	0.0000049400	0.0000050750	
0.0000000050	0.0000000050	0.0000000050	0.0000000050	
0	0	0	0	
cpmg	cpmg	cpmg	cpmg	
0.0000000000	0.0000000000	
PB3	2
0.0000046700	0.0000049500	
0.0000001400	0.0000001300	
0	0	
notype	notype	
0.0000000600	0.0000000800	

Comments: