PB5	3
0.0000000000	0.0001400025	0.0001450025	
0.0000010000	0.0000005000	0.0000005000	
0	0	0	
notype	notype	notype	
0.0000007700	0.0000007700	
PB4	3
0.0000100000	0.0000802000	0.0001304025	
0.0000000375	0.0000000750	0.0000000375	
0	0	0	
notype	topo	topo	
0.0000000875	0.0000000875	
PB0	2
0.0001400025	0.0001450025	
0.0000003000	0.0000003000	
0	0	
notype	notype	
0.0000000000	0.0000000000	
PB10	1
0.0000000000	
0.0001700000	
0	
notype	
0.0000000000	0.0000000000	
PB3	2
0.0000150000	0.0000852000	
0.0000000025	0.0000000025	
0	0	
peter	peter	
0.0000000000	0.0000000000	

Comments: