PB5	4
0.0000000000	0.0000030000	0.0000050000	0.0000095000	
0.0000005000	0.0000010000	0.0000010000	0.0000010000	
0	0	0	0	
notype	notype	notype	notype	
0.0000007700	0.0000007700	
PB2	4
0.0000015000	0.0000080000	0.0000080350	0.0000081000	
0.0000000500	0.0000000250	0.0000000550	0.0000000250	
0	0	0	0	
notype	notype	echo	echo	
0.0000000000	0.0000000000	
PB0	3
0.0000030000	0.0000050000	0.0000095000	
0.0000003000	0.0000003000	0.0000003000	
0	0	0	
notype	notype	notype	
0.0000000000	0.0000000000	
PB17	1
0.0000000000	
0.0000110000	
0	
notype	
0.0000000000	0.0000000000	

Comments: