PB5	4
0.0000000000	0.0000350000	0.0000950000	0.0001350000	
0.0000050000	0.0000003000	0.0000050000	0.0000003000	
0	0	0	0	
notype	notype	notype	notype	
0.0000007700	0.0000007700	
PB13	3
0.0000250000	0.0000450000	0.0001250000	
0.0000018000	0.0000018000	0.0000018000	
0	0	0	
sweep	sweep	sweep	
0.0000000000	0.0000000000	
PB2	2
0.0000200000	0.0001200000	
0.0000008500	0.0000008500	
0	0	
notype	notype	
0.0000000875	0.0000000875	
PB7	2
0.0000700500	0.0001700500	
0.0000010000	0.0000010000	
0	0	
notype	notype	
0.0000000000	0.0000000000	
PB3	1
0.0000000000	
0.0002500000	
0	
notype	
0.0000000000	0.0000000000	
PB0	1
0.0002350000	
0.0000000100	
0	
notype	
0.0000000000	0.0000000000	

Comments: