PB5	100
0.0000002000	0.0000007000	0.0000012000	0.0000017000	0.0000022000	0.0000027000	0.0000032000	0.0000037000	0.0000042000	0.0000047000	0.0000052000	0.0000057000	0.0000062000	0.0000067000	0.0000072000	0.0000077000	0.0000082000	0.0000087000	0.0000092000	0.0000097000	0.0000102000	0.0000107000	0.0000112000	0.0000117000	0.0000122000	0.0000127000	0.0000132000	0.0000137000	0.0000142000	0.0000147000	0.0000152000	0.0000157000	0.0000162000	0.0000167000	0.0000172000	0.0000177000	0.0000182000	0.0000187000	0.0000192000	0.0000197000	0.0000202000	0.0000207000	0.0000212000	0.0000217000	0.0000222000	0.0000227000	0.0000232000	0.0000237000	0.0000242000	0.0000247000	0.0000252000	0.0000257000	0.0000262000	0.0000267000	0.0000272000	0.0000277000	0.0000282000	0.0000287000	0.0000292000	0.0000297000	0.0000302000	0.0000307000	0.0000312000	0.0000317000	0.0000322000	0.0000327000	0.0000332000	0.0000337000	0.0000342000	0.0000347000	0.0000352000	0.0000357000	0.0000362000	0.0000367000	0.0000372000	0.0000377000	0.0000382000	0.0000387000	0.0000392000	0.0000397000	0.0000402000	0.0000407000	0.0000412000	0.0000417000	0.0000422000	0.0000427000	0.0000432000	0.0000437000	0.0000442000	0.0000447000	0.0000452000	0.0000457000	0.0000462000	0.0000467000	0.0000472000	0.0000477000	0.0000482000	0.0000487000	0.0000492000	0.0000497000	
0.0000003000	0.0000003000	0.0000003000	0.0000003000	0.0000003000	0.0000003000	0.0000003000	0.0000003000	0.0000003000	0.0000003000	0.0000003000	0.0000003000	0.0000003000	0.0000003000	0.0000003000	0.0000003000	0.0000003000	0.0000003000	0.0000003000	0.0000003000	0.0000003000	0.0000003000	0.0000003000	0.0000003000	0.0000003000	0.0000003000	0.0000003000	0.0000003000	0.0000003000	0.0000003000	0.0000003000	0.0000003000	0.0000003000	0.0000003000	0.0000003000	0.0000003000	0.0000003000	0.0000003000	0.0000003000	0.0000003000	0.0000003000	0.0000003000	0.0000003000	0.0000003000	0.0000003000	0.0000003000	0.0000003000	0.0000003000	0.0000003000	0.0000003000	0.0000003000	0.0000003000	0.0000003000	0.0000003000	0.0000003000	0.0000003000	0.0000003000	0.0000003000	0.0000003000	0.0000003000	0.0000003000	0.0000003000	0.0000003000	0.0000003000	0.0000003000	0.0000003000	0.0000003000	0.0000003000	0.0000003000	0.0000003000	0.0000003000	0.0000003000	0.0000003000	0.0000003000	0.0000003000	0.0000003000	0.0000003000	0.0000003000	0.0000003000	0.0000003000	0.0000003000	0.0000003000	0.0000003000	0.0000003000	0.0000003000	0.0000003000	0.0000003000	0.0000003000	0.0000003000	0.0000003000	0.0000003000	0.0000003000	0.0000003000	0.0000003000	0.0000003000	0.0000003000	0.0000003000	0.0000003000	0.0000003000	0.0000003000	
0	0	0	0	0	0	0	0	0	0	0	0	0	0	0	0	0	0	0	0	0	0	0	0	0	0	0	0	0	0	0	0	0	0	0	0	0	0	0	0	0	0	0	0	0	0	0	0	0	0	0	0	0	0	0	0	0	0	0	0	0	0	0	0	0	0	0	0	0	0	0	0	0	0	0	0	0	0	0	0	0	0	0	0	0	0	0	0	0	0	0	0	0	0	0	0	0	0	0	0	
notype	notype	notype	notype	notype	notype	notype	notype	notype	notype	notype	notype	notype	notype	notype	notype	notype	notype	notype	notype	notype	notype	notype	notype	notype	notype	notype	notype	notype	notype	notype	notype	notype	notype	notype	notype	notype	notype	notype	notype	notype	notype	notype	notype	notype	notype	notype	notype	notype	notype	notype	notype	notype	notype	notype	notype	notype	notype	notype	notype	notype	notype	notype	notype	notype	notype	notype	notype	notype	notype	notype	notype	notype	notype	notype	notype	notype	notype	notype	notype	notype	notype	notype	notype	notype	notype	notype	notype	notype	notype	notype	notype	notype	notype	notype	notype	notype	notype	notype	notype	
0.0000007000	0.0000007000	
PB0	2
0.0000005000	0.0000255000	
0.0000240000	0.0000240000	
0	0	
notype	notype	
0.0000000000	0.0000000000	
PB2	1
0.0000000000	
0.0000240000	
0	
notype	
0.0000000000	0.0000000000	

Comments: