PB6	2
0.0000021000	0.0000051000	
0.0000003250	0.0000003250	
0	0	
meas	meas	
0.0000000000	0.0000000000	
PB7	2
0.0000015000	0.0000045000	
0.0000003250	0.0000003250	
0	0	
meas	meas	
0.0000000000	0.0000000000	
PB2	2
0.0000013000	0.0000043000	
0.0000001000	0.0000001000	
0	0	
t	t	
0.0000004400	0.0000004400	
PB5	2
0.0000015000	0.0000045000	
0.0000015000	0.0000015000	
0	0	
notype	notype	
0.0000010200	0.0000007600	
PB8	2
0.0000000000	0.0000030000	
0.0000025000	0.0000025000	
0	0	
notype	notype	
0.0000000000	0.0000000000	
PB4	1
0.0000035000	
0.0000015000	
0	
notype	
0.0000000000	0.0000000000	

Comments: