PB0	2
0.0000592200	0.0000816200	
0.0000002700	0.0000002700	
0	0	
t	t	
0.0000000000	0.0000000000	
PB5	3
0.0000000050	0.0000592200	0.0000816200	
0.0000005000	0.0000020000	0.0000020000	
0	0	0	
notype	notype	notype	
0.0000005200	0.0000005450	
PB2	3
0.0000032000	0.0000416200	0.0000640550	
0.0000150000	0.0000150000	0.0000150000	
0	0	0	
notype	notype	notype	
0.0000000875	0.0000000875	
PB6	1
0.0000188200	
0.0000200000	
0	
notype	
0.0000008800	0.0000009550	
PB3	3
0.0000032000	0.0000416200	0.0000640550	
0.0000150000	0.0000150000	0.0000150000	
0	0	0	
notype	notype	notype	
0.0000000000	0.0000000000	

Comments: