PB4	2
0.0000102500	0.0000400000	
0.0000000700	0.0000000700	
0	0	
notype	notype	
0.0000000000	0.0000000000	
PB0	4
0.0000210000	0.0000225000	0.0000510000	0.0000525000	
0.0000003000	0.0000003000	0.0000003000	0.0000003000	
0	0	0	0	
notype	notype	notype	notype	
0.0000000000	0.0000000000	
PB15	1
0.0000000000	
0.0000005000	
0	
notype	
0.0000000000	0.0000000000	
PB5	4
0.0000210000	0.0000225000	0.0000510000	0.0000525000	
0.0000003000	0.0000003000	0.0000003000	0.0000003000	
0	0	0	0	
notype	notype	notype	notype	
0.0000007700	0.0000007700	
PB13	1
0.0000080000	
0.0000040000	
0	
notype	
0.0000002500	0.0000002500	
PB10	1
0.0000000000	
0.0001000000	
0	
notype	
0.0000000000	0.0000000000	
PB3	1
0.0000000000	
0.0001000000	
0	
notype	
0.0000000000	0.0000000000	

Comments: