PB5	9
0.0000000000	0.0002600000	0.0002650000	0.0004000000	0.0006600000	0.0006650000	0.0008000000	0.0010600000	0.0010650000	
0.0000010000	0.0000005000	0.0000005000	0.0000010000	0.0000005000	0.0000005000	0.0000010000	0.0000005000	0.0000005000	
0	0	0	0	0	0	0	0	0	
notype	notype	notype	notype	notype	notype	notype	notype	notype	
0.0000007700	0.0000007700	
PB4	9
0.0000100000	0.0001302000	0.0002504000	0.0004100000	0.0005302000	0.0006504000	0.0008100000	0.0009302000	0.0010504000	
0.0000000375	0.0000000750	0.0000000375	0.0000000375	0.0000000750	0.0000000375	0.0000000375	0.0000000750	0.0000001125	
0	0	0	0	0	0	0	0	0	
notype	topo	topo	notype	topo	topo	notype	topo	topo	
0.0000000875	0.0000000875	
PB0	4
0.0002600000	0.0002650000	0.0006600000	0.0010600000	
0.0000003000	0.0000003000	0.0000003000	0.0000003000	
0	0	0	0	
notype	notype	notype	notype	
0.0000000000	0.0000000000	
PB10	1
0.0000000000	
0.0020000000	
0	
notype	
0.0000000000	0.0000000000	
PB3	2
0.0000150000	0.0001352000	
0.0000200000	0.0000200000	
0	0	
peter	peter	
0.0000000000	0.0000000000	

Comments: