PB6	11
0.0000109000	0.0000145490	0.0000181990	0.0000218490	0.0000254990	0.0000291490	0.0000327990	0.0000364490	0.0000400990	0.0000437490	0.0000473990	
0.0000003240	0.0000003250	0.0000003250	0.0000003250	0.0000003250	0.0000003250	0.0000003250	0.0000003250	0.0000003250	0.0000003250	0.0000003250	
0	0	0	0	0	0	0	0	0	0	0	
dummy	meas	meas	meas	meas	meas	meas	meas	meas	meas	meas	
0.0000000000	0.0000000000	
PB7	11
0.0000104000	0.0000127240	0.0000163740	0.0000200240	0.0000236740	0.0000273240	0.0000309740	0.0000346240	0.0000382740	0.0000419240	0.0000455740	
0.0000003250	0.0000003250	0.0000003250	0.0000003250	0.0000003250	0.0000003250	0.0000003250	0.0000003250	0.0000003250	0.0000003250	0.0000003250	
0	0	0	0	0	0	0	0	0	0	0	
dummy	meas	meas	meas	meas	meas	meas	meas	meas	meas	meas	
0.0000000000	0.0000000000	
PB3	1
0.0000041100	
0.0000050000	
0	
w	
0.0000004400	0.0000004400	
PB2	21
0.0000040000	0.0000125240	0.0000143490	0.0000161740	0.0000179990	0.0000198240	0.0000216490	0.0000234740	0.0000252990	0.0000271240	0.0000289490	0.0000307740	0.0000325990	0.0000344240	0.0000362490	0.0000380740	0.0000398990	0.0000417240	0.0000435490	0.0000453740	0.0000471990	
0.0000001000	0.0000001000	0.0000001000	0.0000001000	0.0000001000	0.0000001000	0.0000001000	0.0000001000	0.0000001000	0.0000001000	0.0000001000	0.0000001000	0.0000001000	0.0000001000	0.0000001000	0.0000001000	0.0000001000	0.0000001000	0.0000001000	0.0000001000	0.0000001000	
90	0	0	0	0	0	0	0	0	0	0	0	0	0	0	0	0	0	0	0	0	
t	t	t	t	t	t	t	t	t	t	t	t	t	t	t	t	t	t	t	t	t	
0.0000004400	0.0000004400	
PB5	22
0.0000000000	0.0000092000	0.0000127240	0.0000145490	0.0000163740	0.0000181990	0.0000200240	0.0000218490	0.0000236740	0.0000254990	0.0000273240	0.0000291490	0.0000309740	0.0000327990	0.0000346240	0.0000364490	0.0000382740	0.0000400990	0.0000419240	0.0000437490	0.0000455740	0.0000473990	
0.0000030000	0.0000002000	0.0000003250	0.0000003250	0.0000003250	0.0000003250	0.0000003250	0.0000003250	0.0000003250	0.0000003250	0.0000003250	0.0000003250	0.0000003250	0.0000003250	0.0000003250	0.0000003250	0.0000003250	0.0000003250	0.0000003250	0.0000003250	0.0000003250	0.0000003250	
0	0	0	0	0	0	0	0	0	0	0	0	0	0	0	0	0	0	0	0	0	0	
notype	notype	notype	notype	notype	notype	notype	notype	notype	notype	notype	notype	notype	notype	notype	notype	notype	notype	notype	notype	notype	notype	
0.0000010200	0.0000076000	
PB4	11
0.0000100000	0.0000142240	0.0000178740	0.0000215240	0.0000251740	0.0000288240	0.0000324740	0.0000361240	0.0000397740	0.0000434240	0.0000470740	
0.0000001000	0.0000003000	0.0000003000	0.0000003000	0.0000003000	0.0000003000	0.0000003000	0.0000003000	0.0000003000	0.0000003000	0.0000003000	
0	0	0	0	0	0	0	0	0	0	0	
mw	notype	notype	notype	notype	notype	notype	notype	notype	notype	notype	
0.0000000000	0.0000000000	

Comments: