PB5	1
0.0000000000	
0.0002560000	
0	
notype	
0.0000007000	0.0000007000	
PB2	4
0.0000000000	0.0000510000	0.0001020000	0.0001530000	
0.0000500000	0.0000500000	0.0000500000	0.0000500000	
0	0	0	0	
notype	notype	notype	notype	
0.0000000000	0.0000000000	
PB0	5
0.0000000000	0.0000510000	0.0001020000	0.0001530000	0.0002040000	
0.0000500000	0.0000500000	0.0000500000	0.0000500000	0.0000500000	
0	0	0	0	0	
delay	delay	delay	delay	delay	
0.0000000000	0.0000000000	
PB7	2
0.0000510000	0.0001530000	
0.0000500000	0.0000500000	
0	0	
notype	notype	
0.0000000000	0.0000000000	
PB3	2
0.0001020000	0.0001530000	
0.0000500000	0.0000500000	
0	0	
notype	notype	
0.0000000000	0.0000000000	
PB6	1
0.0000500000	
0.0000010000	
0	
notype	
0.0000000000	0.0000000000	

Comments: