PB5	4
0.0000020050	0.0000068800	0.0000088800	0.0000119300	
0.0000007000	0.0000007000	0.0000007000	0.0000007000	
0	0	0	0	
notype	notype	notype	notype	
0.0000007700	0.0000007700	
PB2	19
0.0000040000	0.0000040600	0.0000041700	0.0000042800	0.0000043900	0.0000045000	0.0000046100	0.0000047200	0.0000048300	0.0000049400	0.0000050500	0.0000051600	0.0000052700	0.0000053800	0.0000054900	0.0000056000	0.0000057100	0.0000058000	0.0000110000	
0.0000000350	0.0000000700	0.0000000700	0.0000000700	0.0000000700	0.0000000700	0.0000000700	0.0000000700	0.0000000700	0.0000000700	0.0000000700	0.0000000700	0.0000000700	0.0000000700	0.0000000700	0.0000000700	0.0000000700	0.0000000350	0.0000000700	
0	0	0	0	0	0	0	0	0	0	0	0	0	0	0	0	0	0	0	
rab	cpmg	cpmg	cpmg	cpmg	cpmg	cpmg	cpmg	cpmg	cpmg	cpmg	cpmg	cpmg	cpmg	cpmg	cpmg	cpmg	cpmg	cpmg	
0.0000000000	0.0000000000	
PB0	3
0.0000068800	0.0000088800	0.0000119300	
0.0000003000	0.0000003000	0.0000003000	
0	0	0	
notype	notype	notype	
0.0000000000	0.0000000000	
PB17	1
0.0000010000	
0.0000130000	
0	
notype	
0.0000000000	0.0000000000	
PB19	15
0.0000041400	0.0000042500	0.0000043600	0.0000044700	0.0000045800	0.0000046900	0.0000048000	0.0000049100	0.0000050200	0.0000051300	0.0000052400	0.0000053500	0.0000054600	0.0000055700	0.0000056800	
0.0000000050	0.0000000050	0.0000000050	0.0000000050	0.0000000050	0.0000000050	0.0000000050	0.0000000050	0.0000000050	0.0000000050	0.0000000050	0.0000000050	0.0000000050	0.0000000050	0.0000000050	
0	0	0	0	0	0	0	0	0	0	0	0	0	0	0	
cpmg	cpmg	cpmg	cpmg	cpmg	cpmg	cpmg	cpmg	cpmg	cpmg	cpmg	cpmg	cpmg	cpmg	cpmg	
0.0000000000	0.0000000000	
PB3	8
0.0000041500	0.0000043700	0.0000045900	0.0000048100	0.0000050300	0.0000052500	0.0000054700	0.0000056900	
0.0000001100	0.0000001100	0.0000001100	0.0000001100	0.0000001100	0.0000001100	0.0000001100	0.0000001000	
0	0	0	0	0	0	0	0	
notype	notype	notype	notype	notype	notype	notype	notype	
0.0000000600	0.0000000800	

Comments: