PB5	5
0.0000000000	0.0000030000	0.0000055000	0.0000200000	0.0000350000	
0.0000005000	0.0000007000	0.0000007000	0.0000007000	0.0000007000	
0	0	0	0	0	
notype	notype	notype	notype	notype	
0.0000007700	0.0000007700	
PB2	5
0.0000015000	0.0000080000	0.0000230000	0.0000230250	0.0000231000	
0.0000000300	0.0000004000	0.0000000150	0.0000000650	0.0000000150	
0	0	0	0	0	
notype	notype	echo	echo	notype	
0.0000000000	0.0000000000	
PB0	3
0.0000030000	0.0000055000	0.0000350000	
0.0000003000	0.0000003000	0.0000003000	
0	0	0	
notype	notype	notype	
0.0000000000	0.0000000000	
PB17	1
0.0000000000	
0.0000380000	
0	
notype	
0.0000000000	0.0000000000	

Comments: