PB5	5
0.0000000000	0.0000050025	0.0000112625	0.0000185225	0.0000267825	
0.0000030000	0.0000030000	0.0000030000	0.0000030000	0.0000030000	
0	0	0	0	0	
notype	notype	notype	notype	notype	
0.0000005200	0.0000005200	
PB0	4
0.0000050000	0.0000112600	0.0000185200	0.0000267800	
0.0000003000	0.0000003000	0.0000003000	0.0000003000	
0	0	0	0	
notype	notype	notype	notype	
0.0000000000	0.0000000000	
PB2	6
0.0000102350	0.0000165200	0.0000175200	0.0000237800	0.0000247800	0.0000257800	
0.0000001800	0.0000001800	0.0000001800	0.0000001800	0.0000001800	0.0000001800	
0	0	0	0	0	0	
T	T	T	T	T	T	
0.0000001800	0.0000001800	
PB3	6
0.0000102350	0.0000165200	0.0000175200	0.0000237800	0.0000247800	0.0000257800	
0.0000001800	0.0000001800	0.0000001800	0.0000001800	0.0000001800	0.0000001800	
0	0	0	0	0	0	
notype	notype	notype	notype	notype	notype	
0.0000002200	0.0000002200	

Comments: