PB3	2
0.0000030000	0.0000111100	
0.0000020000	0.0000045000	
0	0	
w	w	
0.0000004400	0.0000004400	
PB2	43
0.0000020000	0.0000025000	0.0000110000	0.0000248000	0.0000278000	0.0000308000	0.0000338000	0.0000368000	0.0000398000	0.0000428000	0.0000458000	0.0000488000	0.0000518000	0.0000548000	0.0000578000	0.0000608000	0.0000638000	0.0000668000	0.0000698000	0.0000728000	0.0000758000	0.0000788000	0.0000818000	0.0000848000	0.0000878000	0.0000908000	0.0000938000	0.0000968000	0.0000998000	0.0001028000	0.0001058000	0.0001088000	0.0001118000	0.0001148000	0.0001178000	0.0001208000	0.0001238000	0.0001268000	0.0001298000	0.0001328000	0.0001358000	0.0001388000	0.0001418000	
0.0000001000	0.0000001000	0.0000001000	0.0000001000	0.0000001000	0.0000001000	0.0000001000	0.0000001000	0.0000001000	0.0000001000	0.0000001000	0.0000001000	0.0000001000	0.0000001000	0.0000001000	0.0000001000	0.0000001000	0.0000001000	0.0000001000	0.0000001000	0.0000001000	0.0000001000	0.0000001000	0.0000001000	0.0000001000	0.0000001000	0.0000001000	0.0000001000	0.0000001000	0.0000001000	0.0000001000	0.0000001000	0.0000001000	0.0000001000	0.0000001000	0.0000001000	0.0000001000	0.0000001000	0.0000001000	0.0000001000	0.0000001000	0.0000001000	0.0000001000	
90	0	90	0	0	0	0	0	0	0	0	0	0	0	0	0	0	0	0	0	0	0	0	0	0	0	0	0	0	0	0	0	0	0	0	0	0	0	0	0	0	0	0	
t	t	t	t	t	t	t	t	t	t	t	t	t	t	t	t	t	t	t	t	t	t	t	t	t	t	t	t	t	t	t	t	t	t	t	t	t	t	t	t	t	t	t	
0.0000004400	0.0000004400	
PB5	44
0.0000000000	0.0000050000	0.0000070000	0.0000157000	0.0000250000	0.0000280000	0.0000310000	0.0000340000	0.0000370000	0.0000400000	0.0000430000	0.0000460000	0.0000490000	0.0000520000	0.0000550000	0.0000580000	0.0000610000	0.0000640000	0.0000670000	0.0000700000	0.0000730000	0.0000760000	0.0000790000	0.0000820000	0.0000850000	0.0000880000	0.0000910000	0.0000940000	0.0000970000	0.0001000000	0.0001030000	0.0001060000	0.0001090000	0.0001120000	0.0001150000	0.0001180000	0.0001210000	0.0001240000	0.0001270000	0.0001300000	0.0001330000	0.0001360000	0.0001390000	0.0001420000	
0.0000010000	0.0000020000	0.0000030000	0.0000020000	0.0000015000	0.0000015000	0.0000015000	0.0000015000	0.0000015000	0.0000015000	0.0000015000	0.0000015000	0.0000015000	0.0000015000	0.0000015000	0.0000015000	0.0000015000	0.0000015000	0.0000015000	0.0000015000	0.0000015000	0.0000015000	0.0000015000	0.0000015000	0.0000015000	0.0000015000	0.0000015000	0.0000015000	0.0000015000	0.0000015000	0.0000015000	0.0000015000	0.0000015000	0.0000015000	0.0000015000	0.0000015000	0.0000015000	0.0000015000	0.0000015000	0.0000015000	0.0000015000	0.0000015000	0.0000015000	0.0000015000	
0	0	0	0	0	0	0	0	0	0	0	0	0	0	0	0	0	0	0	0	0	0	0	0	0	0	0	0	0	0	0	0	0	0	0	0	0	0	0	0	0	0	0	0	
notype	notype	notype	notype	notype	notype	notype	notype	notype	notype	notype	notype	notype	notype	notype	notype	notype	notype	notype	notype	notype	notype	notype	notype	notype	notype	notype	notype	notype	notype	notype	notype	notype	notype	notype	notype	notype	notype	notype	notype	notype	notype	notype	notype	
0.0000010200	0.0000007600	
PB4	21
0.0000024000	0.0000270000	0.0000330000	0.0000390000	0.0000450000	0.0000510000	0.0000570000	0.0000630000	0.0000690000	0.0000750000	0.0000810000	0.0000870000	0.0000930000	0.0000990000	0.0001050000	0.0001110000	0.0001170000	0.0001230000	0.0001290000	0.0001350000	0.0001410000	
0.0000003000	0.0000015000	0.0000015000	0.0000015000	0.0000015000	0.0000015000	0.0000015000	0.0000015000	0.0000015000	0.0000015000	0.0000015000	0.0000015000	0.0000015000	0.0000015000	0.0000015000	0.0000015000	0.0000015000	0.0000015000	0.0000015000	0.0000015000	0.0000015000	
0	0	0	0	0	0	0	0	0	0	0	0	0	0	0	0	0	0	0	0	0	
notype	notype	notype	notype	notype	notype	notype	notype	notype	notype	notype	notype	notype	notype	notype	notype	notype	notype	notype	notype	notype	
0.0000000000	0.0000000000	
PB6	40
0.0000256000	0.0000286000	0.0000316000	0.0000346000	0.0000376000	0.0000406000	0.0000436000	0.0000466000	0.0000496000	0.0000526000	0.0000556000	0.0000586000	0.0000616000	0.0000646000	0.0000676000	0.0000706000	0.0000736000	0.0000766000	0.0000796000	0.0000826000	0.0000856000	0.0000886000	0.0000916000	0.0000946000	0.0000976000	0.0001006000	0.0001036000	0.0001066000	0.0001096000	0.0001126000	0.0001156000	0.0001186000	0.0001216000	0.0001246000	0.0001276000	0.0001306000	0.0001336000	0.0001366000	0.0001396000	0.0001426000	
0.0000003250	0.0000003250	0.0000003250	0.0000003250	0.0000003250	0.0000003250	0.0000003250	0.0000003250	0.0000003250	0.0000003250	0.0000003250	0.0000003250	0.0000003250	0.0000003250	0.0000003250	0.0000003250	0.0000003250	0.0000003250	0.0000003250	0.0000003250	0.0000003250	0.0000003250	0.0000003250	0.0000003250	0.0000003250	0.0000003250	0.0000003250	0.0000003250	0.0000003250	0.0000003250	0.0000003250	0.0000003250	0.0000003250	0.0000003250	0.0000003250	0.0000003250	0.0000003250	0.0000003250	0.0000003250	0.0000003250	
0	0	0	0	0	0	0	0	0	0	0	0	0	0	0	0	0	0	0	0	0	0	0	0	0	0	0	0	0	0	0	0	0	0	0	0	0	0	0	0	
meas	meas	meas	meas	meas	meas	meas	meas	meas	meas	meas	meas	meas	meas	meas	meas	meas	meas	meas	meas	meas	meas	meas	meas	meas	meas	meas	meas	meas	meas	meas	meas	meas	meas	meas	meas	meas	meas	meas	meas	
0.0000000000	0.0000000000	
PB7	40
0.0000250000	0.0000280000	0.0000310000	0.0000340000	0.0000370000	0.0000400000	0.0000430000	0.0000460000	0.0000490000	0.0000520000	0.0000550000	0.0000580000	0.0000610000	0.0000640000	0.0000670000	0.0000700000	0.0000730000	0.0000760000	0.0000790000	0.0000820000	0.0000850000	0.0000880000	0.0000910000	0.0000940000	0.0000970000	0.0001000000	0.0001030000	0.0001060000	0.0001090000	0.0001120000	0.0001150000	0.0001180000	0.0001210000	0.0001240000	0.0001270000	0.0001300000	0.0001330000	0.0001360000	0.0001390000	0.0001420000	
0.0000003250	0.0000003250	0.0000003250	0.0000003250	0.0000003250	0.0000003250	0.0000003250	0.0000003250	0.0000003250	0.0000003250	0.0000003250	0.0000003250	0.0000003250	0.0000003250	0.0000003250	0.0000003250	0.0000003250	0.0000003250	0.0000003250	0.0000003250	0.0000003250	0.0000003250	0.0000003250	0.0000003250	0.0000003250	0.0000003250	0.0000003250	0.0000003250	0.0000003250	0.0000003250	0.0000003250	0.0000003250	0.0000003250	0.0000003250	0.0000003250	0.0000003250	0.0000003250	0.0000003250	0.0000003250	0.0000003250	
0	0	0	0	0	0	0	0	0	0	0	0	0	0	0	0	0	0	0	0	0	0	0	0	0	0	0	0	0	0	0	0	0	0	0	0	0	0	0	0	
meas	meas	meas	meas	meas	meas	meas	meas	meas	meas	meas	meas	meas	meas	meas	meas	meas	meas	meas	meas	meas	meas	meas	meas	meas	meas	meas	meas	meas	meas	meas	meas	meas	meas	meas	meas	meas	meas	meas	meas	
0.0000000000	0.0000000000	

Comments: