PB5	2
0.0001095000	0.0002223000	
0.0000002000	0.0000002000	
0	0	
notype	notype	
0.0000007700	0.0000007700	
PB2	4
0.0000030000	0.0001115000	0.0001158000	0.0002243000	
0.0000013000	0.0000013000	0.0000013000	0.0000013000	
0	0	0	0	
notype	notype	notype	notype	
0.0000000000	0.0000000000	
PB7	2
0.0000000000	0.0001128000	
0.0000000000	0.0000000000	
0	0	
notype	Delay	
0.0000000000	0.0000000000	
PB3	2
0.0000060000	0.0001188000	
0.0001000000	0.0001000000	
0	0	
notype	notype	
0.0000000000	0.0000000000	

Comments: