PB4	3
0.0000000000	0.0004100000	0.0007600000	
0.0000005000	0.0000010000	0.0000010000	
0	0	0	
notype	notype	notype	
0.0000007700	0.0000007700	
PB4	6
0.0000999625	0.0002499625	0.0004000000	0.0004499625	0.0005999625	0.0007500000	
0.0000000375	0.0000000750	0.0000000375	0.0000000375	0.0000000750	0.0000001125	
0	0	0	0	0	0	
notype	notype	notype	notype	notype	notype	
0.0000000875	0.0000000875	
PB3	2
0.0001050000	0.0002550000	
0.0000000025	0.0000000025	
0	0	
meas	meas	
0.0000000000	0.0000000000	
PB0	2
0.0004100000	0.0007600000	
0.0000003000	0.0000003000	
0	0	
notype	notype	
0.0000000000	0.0000000000	
PB10	1
0.0000000000	
0.0010000000	
0	
notype	
0.0000000000	0.0000000000	

Comments: