PB5	15
0.0000000000	0.0000715300	0.0001623000	0.0002534500	0.0010550000	0.0014300000	0.0015800000	0.0017300000	0.0020800000	0.0022300000	0.0023800000	0.0029300000	0.0030800000	0.0032300000	0.0040600100	
0.0000050000	0.0000005000	0.0000005000	0.0000005000	0.0000005000	0.0000005000	0.0000005000	0.0000005000	0.0000005000	0.0000005000	0.0000005000	0.0000005000	0.0000005000	0.0000005000	0.0000005000	
0	0	0	0	0	0	0	0	0	0	0	0	0	0	0	
notype	notype	notype	notype	notype	notype	notype	notype	notype	notype	notype	notype	notype	notype	notype	
0.0000000000	0.0000000000	
PB12	15
0.0000446600	0.0001211000	0.0002122500	0.0009800000	0.0013800000	0.0015300000	0.0016800000	0.0020300000	0.0021800000	0.0023300000	0.0025800000	0.0028800000	0.0030300000	0.0031800000	0.0039600100	
0.0000080000	0.0000080000	0.0000080000	0.0000080000	0.0000080000	0.0000080000	0.0000080000	0.0000080000	0.0000080000	0.0000080000	0.0000080000	0.0000080000	0.0000080000	0.0000080000	0.0000080000	
0	0	0	0	0	0	0	0	0	0	0	0	0	0	0	
notype	notype	notype	notype	notype	notype	notype	notype	notype	notype	notype	notype	notype	notype	notype	
0.0000000000	0.0000000000	
PB4	18
0.0000300000	0.0001011500	0.0001923000	0.0004999625	0.0005899625	0.0006800000	0.0013300000	0.0014800000	0.0016300000	0.0019800000	0.0021300000	0.0022800000	0.0028300000	0.0029800000	0.0031300000	0.0034799625	0.0035699600	0.0036600000	
0.0000007000	0.0000007000	0.0000007000	0.0000000375	0.0000000750	0.0000000375	0.0000007000	0.0000007000	0.0000007000	0.0000007000	0.0000007000	0.0000007000	0.0000007000	0.0000007000	0.0000007000	0.0000000375	0.0000000750	0.0000000375	
0	0	0	0	0	0	0	0	0	0	0	0	0	0	0	0	0	0	
notype	notype	notype	notype	topo	topo	notype	notype	notype	notype	notype	notype	notype	notype	notype	notype	topo	topo	
0.0000000875	0.0000000875	
PB7	4
0.0011800000	0.0018800000	0.0026800000	0.0041600100	
0.0000000100	0.0000000100	0.0000000100	0.0000000100	
0	0	0	0	
notype	notype	notype	notype	
0.0000000000	0.0000000000	
PB0	1
0.0047600100	
0.0000000100	
0	
notype	
0.0000000000	0.0000000000	
PB10	2
0.0004000000	0.0033800000	
0.0005000000	0.0005000000	
0	0	
notype	notype	
0.0000000000	0.0000000000	
PB3	2
0.0005050000	0.0005953750	
0.0000500000	0.0000500000	
0	0	
peter	peter	
0.0000000000	0.0000000000	

Comments: