PB0	2
0.0000040225	0.0000099925	
0.0000002700	0.0000002700	
0	0	
notype	notype	
0.0000000000	0.0000000000	
PB6	3
0.0000000000	0.0000040275	0.0000099975	
0.0000010000	0.0000030000	0.0000030000	
0	0	0	
notype	notype	notype	
0.0000007700	0.0000007700	
PB7	2
0.0000020375	0.0000021150	
0.0000000050	0.0000000025	
0	0	
T	T	
0.0000000875	0.0000000875	
PB2	4
0.0000000000	0.0000020350	0.0000021150	0.0000021175	
0.0000020000	0.0000000075	0.0000000075	0.0000110000	
0	0	0	0	
notype	notype	notype	notype	
0.0000000000	0.0000000000	

Comments: