PB5	8
0.0000000000	0.0000200000	0.0002200000	0.0002400000	0.0004400000	0.0004600000	0.0004800000	0.0005000000	
0.0000150000	0.0000150000	0.0000150000	0.0000150000	0.0000150000	0.0000150000	0.0000150000	0.0000150000	
0	0	0	0	0	0	0	0	
notype	T	notype	T	notype	notype	notype	notype	
0.0000007000	0.0000007000	
PB2	2
0.0000180000	0.0004980000	
0.0000000300	0.0000000300	
0	0	
notype	notype	
0.0000000000	0.0000000000	
PB0	4
0.0000200100	0.0002400100	0.0004600100	0.0005000100	
0.0000003000	0.0000003000	0.0000003000	0.0000003000	
0	0	0	0	
T	T	notype	notype	
0.0000000000	0.0000000000	
PB15	1
0.0000000000	
0.0005500000	
0	
notype	
0.0000000000	0.0000000000	

Comments: