PB5	50
0.0000002000	0.0000007000	0.0000012000	0.0000017000	0.0000022000	0.0000027000	0.0000032000	0.0000037000	0.0000042000	0.0000047000	0.0000052000	0.0000057000	0.0000062000	0.0000067000	0.0000072000	0.0000077000	0.0000082000	0.0000087000	0.0000092000	0.0000097000	0.0000102000	0.0000107000	0.0000112000	0.0000117000	0.0000122000	0.0000127000	0.0000132000	0.0000137000	0.0000142000	0.0000147000	0.0000152000	0.0000157000	0.0000162000	0.0000167000	0.0000172000	0.0000177000	0.0000182000	0.0000187000	0.0000192000	0.0000197000	0.0000202000	0.0000207000	0.0000212000	0.0000217000	0.0000222000	0.0000227000	0.0000232000	0.0000237000	0.0000242000	0.0000247000	
0.0000003000	0.0000003000	0.0000003000	0.0000003000	0.0000003000	0.0000003000	0.0000003000	0.0000003000	0.0000003000	0.0000003000	0.0000003000	0.0000003000	0.0000003000	0.0000003000	0.0000003000	0.0000003000	0.0000003000	0.0000003000	0.0000003000	0.0000003000	0.0000003000	0.0000003000	0.0000003000	0.0000003000	0.0000003000	0.0000003000	0.0000003000	0.0000003000	0.0000003000	0.0000003000	0.0000003000	0.0000003000	0.0000003000	0.0000003000	0.0000003000	0.0000003000	0.0000003000	0.0000003000	0.0000003000	0.0000003000	0.0000003000	0.0000003000	0.0000003000	0.0000003000	0.0000003000	0.0000003000	0.0000003000	0.0000003000	0.0000003000	0.0000003000	
0	0	0	0	0	0	0	0	0	0	0	0	0	0	0	0	0	0	0	0	0	0	0	0	0	0	0	0	0	0	0	0	0	0	0	0	0	0	0	0	0	0	0	0	0	0	0	0	0	0	
notype	notype	notype	notype	notype	notype	notype	notype	notype	notype	notype	notype	notype	notype	notype	notype	notype	notype	notype	notype	notype	notype	notype	notype	notype	notype	notype	notype	notype	notype	notype	notype	notype	notype	notype	notype	notype	notype	notype	notype	notype	notype	notype	notype	notype	notype	notype	notype	notype	notype	
0.0000007000	0.0000007000	
PB0	1
0.0000000000	
0.0000250000	
0	
notype	
0.0000000000	0.0000000000	

Comments: