PB6	42
0.0000221000	0.0000288000	0.0000489000	0.0000526500	0.0000564500	0.0000602000	0.0000640000	0.0000677500	0.0000715500	0.0000753000	0.0000791000	0.0000828500	0.0000866500	0.0000904000	0.0000942000	0.0000979500	0.0001017500	0.0001055000	0.0001093000	0.0001130500	0.0001168500	0.0001206000	0.0001244000	0.0001281500	0.0001319500	0.0001357000	0.0001395000	0.0001432500	0.0001470500	0.0001508000	0.0001546000	0.0001583500	0.0001621500	0.0001659000	0.0001697000	0.0001734500	0.0001772500	0.0001810000	0.0001848000	0.0001885500	0.0001923500	0.0001961000	
0.0000003250	0.0000003250	0.0000003250	0.0000003250	0.0000003250	0.0000003250	0.0000003250	0.0000003250	0.0000003250	0.0000003250	0.0000003250	0.0000003250	0.0000003250	0.0000003250	0.0000003250	0.0000003250	0.0000003250	0.0000003250	0.0000003250	0.0000003250	0.0000003250	0.0000003250	0.0000003250	0.0000003250	0.0000003250	0.0000003250	0.0000003250	0.0000003250	0.0000003250	0.0000003250	0.0000003250	0.0000003250	0.0000003250	0.0000003250	0.0000003250	0.0000003250	0.0000003250	0.0000003250	0.0000003250	0.0000003250	0.0000003250	0.0000003250	
0	0	0	0	0	0	0	0	0	0	0	0	0	0	0	0	0	0	0	0	0	0	0	0	0	0	0	0	0	0	0	0	0	0	0	0	0	0	0	0	0	0	
meas	meas	meas	meas	meas	meas	meas	meas	meas	meas	meas	meas	meas	meas	meas	meas	meas	meas	meas	meas	meas	meas	meas	meas	meas	meas	meas	meas	meas	meas	meas	meas	meas	meas	meas	meas	meas	meas	meas	meas	meas	meas	
0.0000000000	0.0000000000	
PB7	42
0.0000221000	0.0000288000	0.0000489000	0.0000526500	0.0000564500	0.0000602000	0.0000640000	0.0000677500	0.0000715500	0.0000753000	0.0000791000	0.0000828500	0.0000866500	0.0000904000	0.0000942000	0.0000979500	0.0001017500	0.0001055000	0.0001093000	0.0001130500	0.0001168500	0.0001206000	0.0001244000	0.0001281500	0.0001319500	0.0001357000	0.0001395000	0.0001432500	0.0001470500	0.0001508000	0.0001546000	0.0001583500	0.0001621500	0.0001659000	0.0001697000	0.0001734500	0.0001772500	0.0001810000	0.0001848000	0.0001885500	0.0001923500	0.0001961000	
0.0000003250	0.0000003250	0.0000003250	0.0000003250	0.0000003250	0.0000003250	0.0000003250	0.0000003250	0.0000003250	0.0000003250	0.0000003250	0.0000003250	0.0000003250	0.0000003250	0.0000003250	0.0000003250	0.0000003250	0.0000003250	0.0000003250	0.0000003250	0.0000003250	0.0000003250	0.0000003250	0.0000003250	0.0000003250	0.0000003250	0.0000003250	0.0000003250	0.0000003250	0.0000003250	0.0000003250	0.0000003250	0.0000003250	0.0000003250	0.0000003250	0.0000003250	0.0000003250	0.0000003250	0.0000003250	0.0000003250	0.0000003250	0.0000003250	
0	0	0	0	0	0	0	0	0	0	0	0	0	0	0	0	0	0	0	0	0	0	0	0	0	0	0	0	0	0	0	0	0	0	0	0	0	0	0	0	0	0	
meas	meas	meas	meas	meas	meas	meas	meas	meas	meas	meas	meas	meas	meas	meas	meas	meas	meas	meas	meas	meas	meas	meas	meas	meas	meas	meas	meas	meas	meas	meas	meas	meas	meas	meas	meas	meas	meas	meas	meas	meas	meas	
0.0000000000	0.0000000000	
PB5	44
0.0000000000	0.0000221000	0.0000288000	0.0000415950	0.0000489000	0.0000526500	0.0000564500	0.0000602000	0.0000640000	0.0000677500	0.0000715500	0.0000753000	0.0000791000	0.0000828500	0.0000866500	0.0000904000	0.0000942000	0.0000979500	0.0001017500	0.0001055000	0.0001093000	0.0001130500	0.0001168500	0.0001206000	0.0001244000	0.0001281500	0.0001319500	0.0001357000	0.0001395000	0.0001432500	0.0001470500	0.0001508000	0.0001546000	0.0001583500	0.0001621500	0.0001659000	0.0001697000	0.0001734500	0.0001772500	0.0001810000	0.0001848000	0.0001885500	0.0001923500	0.0001961000	
0.0000200000	0.0000010000	0.0000020000	0.0000010000	0.0000010000	0.0000010000	0.0000010000	0.0000010000	0.0000010000	0.0000010000	0.0000010000	0.0000010000	0.0000010000	0.0000010000	0.0000010000	0.0000010000	0.0000010000	0.0000010000	0.0000010000	0.0000010000	0.0000010000	0.0000010000	0.0000010000	0.0000010000	0.0000010000	0.0000010000	0.0000010000	0.0000010000	0.0000010000	0.0000010000	0.0000010000	0.0000010000	0.0000010000	0.0000010000	0.0000010000	0.0000010000	0.0000010000	0.0000010000	0.0000010000	0.0000010000	0.0000010000	0.0000010000	0.0000010000	0.0000010000	
0	0	0	0	0	0	0	0	0	0	0	0	0	0	0	0	0	0	0	0	0	0	0	0	0	0	0	0	0	0	0	0	0	0	0	0	0	0	0	0	0	0	0	0	
notype	notype	notype	tg1	tg	tg	tg	tg	tg	tg	tg	tg	tg	tg	tg	tg	tg	tg	tg	tg	tg	tg	tg	tg	tg	tg	tg	tg	tg	tg	tg	tg	tg	tg	tg	tg	tg	tg	tg	tg	tg	tg	tg	tg	
0.0000010125	0.0000007625	
PB2	45
0.0000251000	0.0000265000	0.0000335950	0.0000440000	0.0000454000	0.0000486000	0.0000523500	0.0000561500	0.0000599000	0.0000637000	0.0000674500	0.0000712500	0.0000750000	0.0000788000	0.0000825500	0.0000863500	0.0000901000	0.0000939000	0.0000976500	0.0001014500	0.0001052000	0.0001090000	0.0001127500	0.0001165500	0.0001203000	0.0001241000	0.0001278500	0.0001316500	0.0001354000	0.0001392000	0.0001429500	0.0001467500	0.0001505000	0.0001543000	0.0001580500	0.0001618500	0.0001656000	0.0001694000	0.0001731500	0.0001769500	0.0001807000	0.0001845000	0.0001882500	0.0001920500	0.0001958000	
0.0000001000	0.0000001000	0.0000001000	0.0000001000	0.0000001000	0.0000001000	0.0000001000	0.0000001000	0.0000001000	0.0000001000	0.0000001000	0.0000001000	0.0000001000	0.0000001000	0.0000001000	0.0000001000	0.0000001000	0.0000001000	0.0000001000	0.0000001000	0.0000001000	0.0000001000	0.0000001000	0.0000001000	0.0000001000	0.0000001000	0.0000001000	0.0000001000	0.0000001000	0.0000001000	0.0000001000	0.0000001000	0.0000001000	0.0000001000	0.0000001000	0.0000001000	0.0000001000	0.0000001000	0.0000001000	0.0000001000	0.0000001000	0.0000001000	0.0000001000	0.0000001000	0.0000001000	
0	0	0	0	0	0	0	0	0	0	0	0	0	0	0	0	0	0	0	0	0	0	0	0	0	0	0	0	0	0	0	0	0	0	0	0	0	0	0	0	0	0	0	0	0	
t	t	t	t	t	t	t	t	t	t	t	t	t	t	t	t	t	t	t	t	t	t	t	t	t	t	t	t	t	t	t	t	t	t	t	t	t	t	t	t	t	t	t	t	t	
0.0000004400	0.0000004400	
PB4	22
0.0000257000	0.0000446000	0.0000519500	0.0000595000	0.0000670500	0.0000746000	0.0000821500	0.0000897000	0.0000972500	0.0001048000	0.0001123500	0.0001199000	0.0001274500	0.0001350000	0.0001425500	0.0001501000	0.0001576500	0.0001652000	0.0001727500	0.0001803000	0.0001878500	0.0001954000	
0.0000015000	0.0000015000	0.0000009000	0.0000009000	0.0000009000	0.0000009000	0.0000009000	0.0000009000	0.0000009000	0.0000009000	0.0000009000	0.0000009000	0.0000009000	0.0000009000	0.0000009000	0.0000009000	0.0000009000	0.0000009000	0.0000009000	0.0000009000	0.0000009000	0.0000009000	
0	0	0	0	0	0	0	0	0	0	0	0	0	0	0	0	0	0	0	0	0	0	
notype	notype	notype	notype	notype	notype	notype	notype	notype	notype	notype	notype	notype	notype	notype	notype	notype	notype	notype	notype	notype	notype	
0.0000006000	0.0000006000	
PB3	1
0.0000340950	
0.0000070000	
0	
w	
0.0000004400	0.0000004400	

Comments: