PB5	5
0.0000890000	0.0001782000	0.0002674000	0.0003566000	0.0004458000	
0.0000002000	0.0000002000	0.0000002000	0.0000002000	0.0000002000	
0	0	0	0	0	
notype	notype	notype	notype	notype	
0.0000007700	0.0000007700	
PB2	5
0.0000025000	0.0000917000	0.0001809000	0.0002701000	0.0003593000	
0.0000013000	0.0000013000	0.0000013000	0.0000013000	0.0000013000	
0	0	0	0	0	
notype	notype	notype	notype	notype	
0.0000000000	0.0000000000	
PB7	6
0.0000000000	0.0000892000	0.0001784000	0.0002676000	0.0003606100	0.0004460000	
0.0000000000	0.0000000000	0.0000000000	0.0000000000	0.0000000000	0.0000000000	
0	0	0	0	0	0	
notype	notype	notype	notype	notype	TRabi	
0.0000000000	0.0000000000	
PB3	5
0.0000105000	0.0000997000	0.0001889000	0.0002781000	0.0003673000	
0.0000750000	0.0000750000	0.0000750000	0.0000750000	0.0000750000	
0	0	0	0	0	
notype	notype	notype	notype	notype	
0.0000000000	0.0000000000	

Comments: