PB5	6
0.0000000000	0.0000035000	0.0000075000	0.0000115000	0.0000154400	0.0000190000	
0.0000005000	0.0000010000	0.0000010000	0.0000010000	0.0000005000	0.0000005000	
0	0	0	0	0	0	
notype	notype	notype	notype	notype	notype	
0.0000007700	0.0000007700	
PB2	5
0.0000020000	0.0000060000	0.0000070000	0.0000100000	0.0000150000	
0.0000000100	0.0000000100	0.0000000225	0.0000000100	0.0000000225	
0	0	0	0	0	
rabi	rabi	notype	rabi	notypei	
0.0000000000	0.0000000000	
PB0	5
0.0000035000	0.0000075000	0.0000115000	0.0000154400	0.0000190000	
0.0000003000	0.0000003000	0.0000003000	0.0000003000	0.0000003000	
0	0	0	0	0	
notype	notype	notype	notype	notype	
0.0000000000	0.0000000000	
PB17	3
0.0000010000	0.0000050000	0.0000090000	
0.0000005000	0.0000005000	0.0000005000	
0	0	0	
notype	notype	notype	
0.0000000000	0.0000000000	
PB3	4
0.0000020000	0.0000060000	0.0000100000	0.0000110000	
0.0000000100	0.0000000100	0.0000000100	0.0000000225	
0	0	0	0	
rabi	rabi	rabi	notype	
0.0000000000	0.0000000000	

Comments: