PB5	5
0.0000000000	0.0000030250	0.0000050250	0.0000080000	0.0000110000	
0.0000005000	0.0000008000	0.0000008000	0.0000008000	0.0000008000	
0	0	0	0	0	
notype	notype	notype	T1	T1	
0.0000007700	0.0000007700	
PB2	2
0.0000015000	0.0000070000	
0.0000000700	0.0000000700	
0	0	
notype	notype	
0.0000000000	0.0000000000	
PB0	4
0.0000030250	0.0000050250	0.0000080000	0.0000110000	
0.0000003000	0.0000003000	0.0000003000	0.0000003000	
0	0	0	0	
notype	notype	notype	notype	
0.0000000000	0.0000000000	
PB17	1
0.0000000000	
0.0000120000	
0	
notype	
0.0000000000	0.0000000000	

Comments: