PB5	4
0.0000000000	0.0000029300	0.0000056300	0.0000079300	
0.0000007000	0.0000007000	0.0000007000	0.0000007000	
0	0	0	0	
notype	notype	notype	notype	
0.0000007700	0.0000007700	
PB2	3
0.0000014750	0.0000015100	0.0000069300	
0.0000000250	0.0000000250	0.0000000500	
0	0	0	
notype	notype	notype	
0.0000000000	0.0000000000	
PB0	3
0.0000029300	0.0000056300	0.0000079300	
0.0000003000	0.0000003000	0.0000003000	
0	0	0	
notype	notype	notype	
0.0000000000	0.0000000000	
PB17	1
0.0000000000	
0.0000100000	
0	
notype	
0.0000000000	0.0000000000	

Comments: