PB5	6
0.0000000000	0.0000040050	0.0000060050	0.0000065050	0.0000105100	0.0000125100	
0.0000005000	0.0000005000	0.0000005000	0.0000005000	0.0000005000	0.0000005000	
0	0	0	0	0	0	
notype	T	T	notype	T	T	
0.0000007700	0.0000007700	
PB2	4
0.0000020000	0.0000031025	0.0000085050	0.0000096075	
0.0000000400	0.0000000400	0.0000000400	0.0000000400	
0	0	0	0	
notype	T	notype	T	
0.0000000000	0.0000000000	
PB0	4
0.0000040050	0.0000060050	0.0000105100	0.0000125100	
0.0000003000	0.0000003000	0.0000003000	0.0000003000	
0	0	0	0	
T	T	T	T	
0.0000000000	0.0000000000	
PB12	1
0.0000025000	
0.0000020000	
0	
notype	
0.0000000000	0.0000000000	

Comments: