PB5	3
0.0000002300	0.0000018900	0.0000035500	
0.0000012000	0.0000012000	0.0000012000	
0	0	0	
notype	notype	notype	
0.0000007000	0.0000007000	
PB2	2
0.0000016300	0.0000032900	
0.0000000600	0.0000000600	
0	0	
notype	notype	
0.0000000000	0.0000000000	
PB0	3
0.0000002300	0.0000018900	0.0000035500	
0.0000004000	0.0000004000	0.0000004000	
0	0	0	
readout	readout	readout	
0.0000000000	0.0000000000	
PB15	1
0.0000000000	
0.0000049800	
0	
notype	
0.0000000000	0.0000000000	
PB18	1
0.0000028200	
0.0000010000	
0	
notype	
0.0000000000	0.0000000000	

Comments: