PB0	4
0.0000100000	0.0000159700	0.0000230125	0.0000299975	
0.0000002700	0.0000002700	0.0000002700	0.0000002700	
0	0	0	0	
notype	notype	notype	notype	
0.0000000000	0.0000000000	
PB5	5
0.0000000000	0.0000100050	0.0000159750	0.0000230125	0.0000300025	
0.0000010000	0.0000030000	0.0000030000	0.0000030000	0.0000030000	
0	0	0	0	0	
notype	notype	notype	notype	notype	
0.0000007700	0.0000007700	
PB2	7
0.0000019400	0.0000020025	0.0000021050	0.0000021950	0.0000022850	0.0000210000	0.0000279975	
0.0000000450	0.0000000875	0.0000000875	0.0000000875	0.0000000450	0.0000000875	0.0000000450	
0	0	0	0	0	0	0	
notype	T	T	T	T	notype	notype	
0.0000000000	0.0000000000	

Comments: