PB5	2
0.0000020050	0.0000062500	
0.0000007000	0.0000007000	
0	0	
notype	notype	
0.0000007700	0.0000007700	
PB2	8
0.0000040600	0.0000041700	0.0000042800	0.0000043900	0.0000045000	0.0000046100	0.0000047200	0.0000048300	
0.0000000700	0.0000000700	0.0000000700	0.0000000700	0.0000000700	0.0000000700	0.0000000700	0.0000000700	
0	0	0	0	0	0	0	0	
cpmg	cpmg	cpmg	cpmg	cpmg	cpmg	cpmg	cpmg	
0.0000000000	0.0000000000	
PB0	1
0.0000062500	
0.0000003000	
0	
notype	
0.0000000000	0.0000000000	
PB17	1
0.0000020050	
0.0000100000	
0	
notype	
0.0000000000	0.0000000000	
PB19	7
0.0000041450	0.0000042550	0.0000043650	0.0000044750	0.0000045850	0.0000046950	0.0000048050	
0.0000000050	0.0000000050	0.0000000050	0.0000000050	0.0000000050	0.0000000050	0.0000000050	
0	0	0	0	0	0	0	
cpmg	cpmg	cpmg	cpmg	cpmg	cpmg	cpmg	
0.0000000000	0.0000000000	
PB3	4
0.0000041500	0.0000043700	0.0000045900	0.0000048100	
0.0000001100	0.0000001100	0.0000001100	0.0000001000	
0	0	0	0	
notype	notype	notype	notype	
0.0000000600	0.0000000800	

Comments: