PB0	3
0.0000115450	0.0000165150	0.0000275250	
0.0000002700	0.0000002700	0.0000002700	
0	0	0	
notype	notype	notype	
0.0000000000	0.0000000000	
PB5	4
0.0000000000	0.0000115450	0.0000165150	0.0000275250	
0.0000020000	0.0000020000	0.0000020000	0.0000020000	
0	0	0	0	
notype	notype	notype	notype	
0.0000005200	0.0000005450	
PB2	4
0.0000030250	0.0000030700	0.0000031550	0.0000205150	
0.0000000400	0.0000000800	0.0000000400	0.0000000800	
0	0	0	0	
notype	t	t	notype	
0.0000000875	0.0000000875	
PB6	2
0.0000055800	0.0000215250	
0.0000040000	0.0000040000	
0	0	
notype	notype	
0.0000008800	0.0000009550	

Comments: