PB5	4
0.0000030000	0.0000090000	0.0000170000	0.0000230000	
0.0000030000	0.0000030000	0.0000030000	0.0000030000	
0	0	0	0	
notype	notype	notype	notype	
0.0000007500	0.0000007500	
PB2	2
0.0000010000	0.0000150000	
0.0000000300	0.0000000300	
0	0	
notype	notype	
0.0000000000	0.0000000000	
PB0	4
0.0000030000	0.0000090000	0.0000170000	0.0000230000	
0.0000003500	0.0000003500	0.0000003500	0.0000003500	
0	0	0	0	
readout	readout	readout	readout	
0.0000000000	0.0000000000	
PB15	1
0.0000000000	
0.0000280000	
0	
notype	
0.0000000000	0.0000000000	
PB4	1
0.0000100000	
0.0000140000	
0	
notype	
0.0000000000	0.0000000000	

Comments: