PB5	40
0.0000000000	0.0000900000	0.0001800000	0.0002700000	0.0003600000	0.0004500000	0.0005400000	0.0006300000	0.0007200000	0.0016000000	0.0020000100	0.0020900100	0.0021800100	0.0022700100	0.0023600100	0.0024500100	0.0025400100	0.0026300100	0.0027200100	0.0036000100	0.0040000200	0.0040900200	0.0041800200	0.0042700200	0.0043600200	0.0044500200	0.0045400200	0.0046300200	0.0047200200	0.0056000200	0.0060000300	0.0060900300	0.0061800300	0.0062700300	0.0063600300	0.0064500300	0.0065400300	0.0066300300	0.0067200300	0.0076000300	
0.0000050000	0.0000005000	0.0000005000	0.0000005000	0.0000005000	0.0000005000	0.0000005000	0.0000005000	0.0000005000	0.0000005000	0.0000050000	0.0000005000	0.0000005000	0.0000005000	0.0000005000	0.0000005000	0.0000005000	0.0000005000	0.0000005000	0.0000005000	0.0000050000	0.0000005000	0.0000005000	0.0000005000	0.0000005000	0.0000005000	0.0000005000	0.0000005000	0.0000005000	0.0000005000	0.0000050000	0.0000005000	0.0000005000	0.0000005000	0.0000005000	0.0000005000	0.0000005000	0.0000005000	0.0000005000	0.0000005000	
0	0	0	0	0	0	0	0	0	0	0	0	0	0	0	0	0	0	0	0	0	0	0	0	0	0	0	0	0	0	0	0	0	0	0	0	0	0	0	0	
notype	notype	notype	notype	notype	notype	notype	notype	notype	notype	notype	notype	notype	notype	notype	notype	notype	notype	notype	notype	notype	notype	notype	notype	notype	notype	notype	notype	notype	notype	notype	notype	notype	notype	notype	notype	notype	notype	notype	notype	
0.0000000000	0.0000000000	
PB11	20
0.0000600000	0.0002400000	0.0004200000	0.0006000000	0.0015000000	0.0020600100	0.0022400100	0.0024200100	0.0026000100	0.0035000100	0.0040600200	0.0042400200	0.0044200200	0.0046000200	0.0055000200	0.0060600300	0.0062400300	0.0064200300	0.0066000300	0.0075000300	
0.0000120000	0.0000120000	0.0000120000	0.0000120000	0.0000120000	0.0000120000	0.0000120000	0.0000120000	0.0000120000	0.0000120000	0.0000120000	0.0000120000	0.0000120000	0.0000120000	0.0000120000	0.0000120000	0.0000120000	0.0000120000	0.0000120000	0.0000120000	
0	0	0	0	0	0	0	0	0	0	0	0	0	0	0	0	0	0	0	0	
notype	notype	notype	notype	notype	notype	notype	notype	notype	notype	notype	notype	notype	notype	notype	notype	notype	notype	notype	notype	
0.0000000000	0.0000000000	
PB4	44
0.0000300000	0.0001200000	0.0002100000	0.0003000000	0.0003900000	0.0004800000	0.0005700000	0.0006600000	0.0009999575	0.0011999600	0.0014000000	0.0020300100	0.0021200100	0.0022100100	0.0023000100	0.0023900100	0.0024800100	0.0025700100	0.0026600100	0.0029999675	0.0031999700	0.0034000100	0.0040300200	0.0041200200	0.0042100200	0.0043000200	0.0043900200	0.0044800200	0.0045700200	0.0046600200	0.0049999775	0.0051999800	0.0054000200	0.0060300300	0.0061200300	0.0062100300	0.0063000300	0.0063900300	0.0064800300	0.0065700300	0.0066600300	0.0069999875	0.0071999900	0.0074000300	
0.0000006000	0.0000006000	0.0000006000	0.0000006000	0.0000006000	0.0000006000	0.0000006000	0.0000006000	0.0000000425	0.0000000850	0.0000000425	0.0000006000	0.0000006000	0.0000006000	0.0000006000	0.0000006000	0.0000006000	0.0000006000	0.0000006000	0.0000000425	0.0000000850	0.0000001275	0.0000006000	0.0000006000	0.0000006000	0.0000006000	0.0000006000	0.0000006000	0.0000006000	0.0000006000	0.0000000425	0.0000000850	0.0000000425	0.0000006000	0.0000006000	0.0000006000	0.0000006000	0.0000006000	0.0000006000	0.0000006000	0.0000006000	0.0000000425	0.0000000850	0.0000001275	
0	0	0	0	0	0	0	0	0	0	0	0	0	0	0	0	0	0	0	0	0	0	0	0	0	0	0	0	0	0	0	0	0	0	0	0	0	0	0	0	0	0	0	0	
notype	notype	notype	notype	notype	notype	notype	notype	notype	notype	notype	notype	notype	notype	notype	notype	notype	notype	notype	notype	notype	notype	notype	notype	notype	notype	notype	notype	notype	notype	notype	notype	notype	notype	notype	notype	notype	notype	notype	notype	notype	notype	notype	notype	
0.0000000875	0.0000000875	
PB7	4
0.0018000000	0.0038000100	0.0058000200	0.0078000300	
0.0000000100	0.0000000100	0.0000000100	0.0000000100	
0	0	0	0	
notype	notype	notype	notype	
0.0000000000	0.0000000000	
PB0	1
0.0080000300	
0.0000000100	
0	
notype	
0.0000000000	0.0000000000	
PB10	4
0.0009000000	0.0029000100	0.0049000200	0.0069000300	
0.0006000000	0.0006000000	0.0006000000	0.0006000000	
0	0	0	0	
notype	notype	notype	notype	
0.0000000000	0.0000000000	
PB13	4
0.0010050000	0.0012050000	0.0030050100	0.0032050100	
0.0000250000	0.0000250000	0.0000250000	0.0000250000	
0	0	0	0	
c13	c13	c13	c13	
0.0000000000	0.0000000000	
PB12	16
0.0001500000	0.0003300000	0.0005100000	0.0006900000	0.0021500100	0.0023300100	0.0025100100	0.0026900100	0.0041500200	0.0043300200	0.0045100200	0.0046900200	0.0061500300	0.0063300300	0.0065100300	0.0066900300	
0.0000150000	0.0000150000	0.0000150000	0.0000150000	0.0000150000	0.0000150000	0.0000150000	0.0000150000	0.0000150000	0.0000150000	0.0000150000	0.0000150000	0.0000150000	0.0000150000	0.0000150000	0.0000150000	
0	0	0	0	0	0	0	0	0	0	0	0	0	0	0	0	
notype	notype	notype	notype	notype	notype	notype	notype	notype	notype	notype	notype	notype	notype	notype	notype	
0.0000000000	0.0000000000	
PB3	1
0.0000000000	
0.0085000000	
0	
notype	
0.0000000000	0.0000000000	

Comments: