PB3	2
0.0000050000	0.0000161100	
0.0000050000	0.0000050000	
0	0	
w	w	
0.0000004400	0.0000004400	
PB2	4
0.0000045000	0.0000160000	0.0000303000	0.0000333000	
0.0000001000	0.0000001000	0.0000001000	0.0000001000	
0	90	0	0	
t	t	t	t	
0.0000004400	0.0000004400	
PB5	5
0.0000000000	0.0000100000	0.0000212000	0.0000305000	0.0000335000	
0.0000010000	0.0000020000	0.0000020000	0.0000015000	0.0000015000	
0	0	0	0	0	
notype	notype	notype	notype	notype	
0.0000010200	0.0000007600	
PB4	1
0.0000325000	
0.0000015000	
0	
notype	
0.0000000000	0.0000000000	
PB6	2
0.0000311000	0.0000341000	
0.0000003250	0.0000003250	
0	0	
meas	meas	
0.0000000000	0.0000000000	
PB7	2
0.0000305000	0.0000335000	
0.0000003250	0.0000003250	
0	0	
meas	meas	
0.0000000000	0.0000000000	

Comments: