PB5	3
0.0000000000	0.0000040150	0.0000065150	
0.0000005000	0.0000010000	0.0000010000	
0	0	0	
notype	notype	notype	
0.0000005700	0.0000005700	
PB2	2
0.0000015000	0.0000019850	
0.0000000300	0.0000000550	
0	0	
notype	notype	
0.0000000000	0.0000000000	
PB0	2
0.0000040150	0.0000065150	
0.0000003000	0.0000003000	
0	0	
notype	notype	
0.0000000000	0.0000000000	
PB17	1
0.0000000000	
0.0000100000	
0	
notype	
0.0000000000	0.0000000000	
PB3	2
0.0000015500	0.0000020550	
0.0000000450	0.0000000250	
0	0	
notype	notype	
0.0000000000	0.0000000000	

Comments: