PB5	3
0.0000010000	0.0000746000	0.0001731025	
0.0000005000	0.0000005000	0.0000005000	
0	0	0	
notype	notype	notype	
0.0000000000	0.0000000000	
PB3	2
0.0000158300	0.0001085025	
0.0000450000	0.0000450000	
0	0	
notype	notype	
0.0000000000	0.0000000000	
PB2	2
0.0000043000	0.0000900000	
0.0000015000	0.0000000025	
0	0	
notype	notype	
0.0000000875	0.0000000875	
PB0	1
0.0002331025	
0.0000002000	
0	
notype	
0.0000007700	0.0000007700	
PB7	1
0.0001871725	
0.0000000100	
0	
notype	
0.0000000000	0.0000000000	
PB8	1
0.0002071725	
0.0000000100	
0	
notype	
0.0000000000	0.0000000000	
PB6	1
0.0000000000	
0.0200000000	
0	
notype	
0.0000000000	0.0000000000	

Comments: