PB0	10
0.0000016000	0.0000036000	0.0000056000	0.0000076000	0.0000096000	0.0000116000	0.0000136000	0.0000156000	0.0000176000	0.0000196000	
0.0000002000	0.0000002000	0.0000002000	0.0000002000	0.0000002000	0.0000002000	0.0000002000	0.0000001800	0.0000002000	0.0000002000	
0	0	0	0	0	0	0	0	0	0	
notype	notype	notype	notype	notype	notype	notype	notype	notype	notype	
0.0000000000	0.0000000000	
PB5	10
0.0000016000	0.0000036000	0.0000056000	0.0000076000	0.0000096000	0.0000116000	0.0000136000	0.0000156000	0.0000176000	0.0000196000	
0.0000002000	0.0000002000	0.0000002000	0.0000002000	0.0000002000	0.0000002000	0.0000002000	0.0000002000	0.0000002000	0.0000002000	
0	0	0	0	0	0	0	0	0	0	
notype	notype	notype	notype	notype	notype	notype	notype	notype	notype	
0.0000007700	0.0000007700	
PB2	1
0.0000002000	
0.0000000700	
0	
notype	
0.0000000875	0.0000000875	
PB6	1
0.0000000000	
0.0000202000	
0	
notype	
0.0000000000	0.0000000000	

Comments: