PB5	8
0.0000000000	0.0000100000	0.0100000000	0.0100100000	0.0200200000	0.0200300000	0.0200400000	0.0200500000	
0.0000050000	0.0000050000	0.0000050000	0.0000050000	0.0000050000	0.0000050000	0.0000050000	0.0000050000	
0	0	0	0	0	0	0	0	
notype	T	notype	T	notype	notype	notype	notype	
0.0000007000	0.0000007000	
PB2	2
0.0000080000	0.0200480000	
0.0000000300	0.0000000300	
0	0	
notype	notype	
0.0000000000	0.0000000000	
PB0	4
0.0000100100	0.0100100100	0.0200300100	0.0200500100	
0.0000003000	0.0000003000	0.0000003000	0.0000003000	
0	0	0	0	
T	T	notype	notype	
0.0000000000	0.0000000000	
PB15	1
0.0000000000	
0.0000200000	
0	
notype	
0.0000000000	0.0000000000	

Comments: