PB5	2
0.0000010000	0.0004503300	
0.0000005000	0.0000005000	
0	0	
notype	notype	
0.0000000000	0.0000000000	
PB3	4
0.0001006300	0.0004608300	0.0005808300	0.0008108300	
0.0002200000	0.0001100000	0.0002200000	0.0001100000	
0	0	0	0	
notype	notype	tau	tau	
0.0000000000	0.0000000000	
PB2	1
0.0000043000	
0.0000013000	
0	
notype	
0.0000000875	0.0000000875	
PB0	1
0.0011508300	
0.0000002000	
0	
notype	
0.0000007700	0.0000007700	
PB7	1
0.0009508300	
0.0000001000	
0	
notype	
0.0000000000	0.0000000000	
PB8	1
0.0010508300	
0.0000001000	
0	
notype	
0.0000000000	0.0000000000	

Comments: