PB5	25
0.0000000000	0.0000855300	0.0001763000	0.0002814500	0.0003695300	0.0004743000	0.0005654500	0.0010240000	0.0011611500	0.0012603800	0.0013800000	0.0016387500	0.0017242800	0.0018150500	0.0019202000	0.0020082800	0.0021130500	0.0022042000	0.0025002000	0.0025857300	0.0026765000	0.0027816500	0.0028697300	0.0029745000	0.0030656500	
0.0000050000	0.0000005000	0.0000005000	0.0000005000	0.0000005000	0.0000005000	0.0000005000	0.0000050000	0.0000005000	0.0000005000	0.0000005000	0.0000050000	0.0000005000	0.0000005000	0.0000005000	0.0000005000	0.0000005000	0.0000005000	0.0000050000	0.0000005000	0.0000005000	0.0000005000	0.0000005000	0.0000005000	0.0000005000	
0	0	0	0	0	0	0	0	0	0	0	0	0	0	0	0	0	0	0	0	0	0	0	0	0	
notype	notype	notype	notype	notype	notype	notype	notype	notype	notype	notype	notype	notype	notype	notype	notype	notype	notype	notype	notype	notype	notype	notype	notype	notype	
0.0000000000	0.0000000000	
PB12	15
0.0001351000	0.0003426600	0.0005242500	0.0006120000	0.0011199500	0.0012335100	0.0013388000	0.0014500000	0.0017738500	0.0019814100	0.0021630000	0.0026353000	0.0028428600	0.0030244500	0.0031122000	
0.0000120000	0.0000120000	0.0000120000	0.0000120000	0.0000120000	0.0000120000	0.0000120000	0.0000120000	0.0000120000	0.0000120000	0.0000120000	0.0000120000	0.0000120000	0.0000120000	0.0000120000	
0	0	0	0	0	0	0	0	0	0	0	0	0	0	0	
notype	notype	notype	peter	notype	notype	notype	peter	notype	notype	notype	notype	notype	notype	notype	
0.0000000000	0.0000000000	
PB4	21
0.0000300000	0.0001151500	0.0002063000	0.0003280000	0.0003991500	0.0005043000	0.0011000000	0.0012188500	0.0013188500	0.0016687500	0.0017539000	0.0018450500	0.0019667500	0.0020379000	0.0021430500	0.0025302000	0.0026153500	0.0027065000	0.0028282000	0.0028993500	0.0030045000	
0.0000007000	0.0000007000	0.0000007000	0.0000007000	0.0000007000	0.0000007000	0.0000007000	0.0000007000	0.0000007000	0.0000007000	0.0000007000	0.0000007000	0.0000007000	0.0000007000	0.0000007000	0.0000007000	0.0000007000	0.0000007000	0.0000007000	0.0000007000	0.0000007000	
0	0	0	0	0	0	0	0	0	0	0	0	0	0	0	0	0	0	0	0	0	
notype	notype	notype	notype	notype	notype	notype	notype	notype	notype	notype	notype	notype	notype	notype	notype	notype	notype	notype	notype	notype	
0.0000000875	0.0000000875	
PB16	9
0.0000446600	0.0002262500	0.0004280000	0.0016834100	0.0018650000	0.0020667500	0.0025448600	0.0027264500	0.0029282000	
0.0000200000	0.0000200000	0.0000200000	0.0000200000	0.0000200000	0.0000200000	0.0000200000	0.0000200000	0.0000200000	
0	0	0	0	0	0	0	0	0	
notype	notype	notype	notype	notype	notype	notype	notype	notype	
0.0000000000	0.0000000000	
PB7	4
0.0007240000	0.0015385500	0.0023627500	0.0032242000	
0.0000002000	0.0000002000	0.0000002000	0.0000002000	
0	0	0	0	
notype	notype	notype	notype	
0.0000000000	0.0000000000	
PB0	1
0.0100000000	
0.0000002000	
0	
notype	
0.0000000000	0.0000000000	

Comments: