PB5	4
0.0000000000	0.0000500000	0.0000900000	0.0000980000	
0.0000010000	0.0000010000	0.0000010000	0.0000010000	
0	0	0	0	
notype	notype	notype	notype	
0.0000007700	0.0000007700	
PB2	2
0.0000210000	0.0000750000	
0.0000000400	0.0000000400	
0	0	
rab	rab	
0.0000000000	0.0000000000	
PB0	3
0.0000500000	0.0000900000	0.0000980000	
0.0000003000	0.0000003000	0.0000003000	
0	0	0	
notype	notype	notype	
0.0000000000	0.0000000000	
PB10	1
0.0000000000	
0.0001000000	
0	
notype	
0.0000000000	0.0000000000	
PB3	1
0.0000000000	
0.0001000000	
0	
notype	
0.0000000000	0.0000000000	
PB13	1
0.0000200000	
0.0000030000	
0	
notype	
0.0000000000	0.0000000000	

Comments: