PB6	2
0.0000041000	0.0000091000	
0.0000003250	0.0000003250	
0	0	
meas	meas	
0.0000000000	0.0000000000	
PB7	2
0.0000035000	0.0000085000	
0.0000003250	0.0000003250	
0	0	
meas	meas	
0.0000000000	0.0000000000	
PB2	2
0.0000033000	0.0000083000	
0.0000001000	0.0000001000	
0	0	
t	t	
0.0000004400	0.0000004400	
PB5	2
0.0000035000	0.0000085000	
0.0000015000	0.0000015000	
0	0	
notype	notype	
0.0000010200	0.0000007600	
PB8	2
0.0000000000	0.0000070000	
0.0000045000	0.0000025000	
0	0	
notype	notype	
0.0000000000	0.0000000000	
PB4	1
0.0000075000	
0.0000015000	
0	
notype	
0.0000000000	0.0000000000	

Comments: