PB5	23
0.0000000000	0.0000300000	0.0000500000	0.0000700000	0.0000900000	0.0001000000	0.0001500000	0.0001800000	0.0002000000	0.0002200000	0.0002400000	0.0002500000	0.0003000000	0.0003300000	0.0003500000	0.0003700000	0.0004000000	0.0004500000	0.0004800000	0.0005000000	0.0005200000	0.0005500000	0.0005600000	
0.0000050000	0.0000003000	0.0000003000	0.0000003000	0.0000010000	0.0000010000	0.0000050000	0.0000003000	0.0000003000	0.0000003000	0.0000010000	0.0000010000	0.0000050000	0.0000003000	0.0000003000	0.0000003000	0.0000010000	0.0000050000	0.0000003000	0.0000003000	0.0000003000	0.0000010000	0.0000010000	
0	0	0	0	0	0	0	0	0	0	0	0	0	0	0	0	0	0	0	0	0	0	0	
notype	notype	notype	notype	T	notype	notype	notype	notype	notype	T	notype	notype	notype	notype	notype	notype	notype	notype	notype	notype	notype	notype	
0.0000007700	0.0000007700	
PB13	14
0.0000200000	0.0000400000	0.0000600000	0.0000800000	0.0001700000	0.0001900000	0.0002100000	0.0003200000	0.0003400000	0.0003600000	0.0003800000	0.0004700000	0.0004900000	0.0005100000	
0.0000018000	0.0000018000	0.0000018000	0.0000018000	0.0000018000	0.0000018000	0.0000018000	0.0000018000	0.0000018000	0.0000018000	0.0000018000	0.0000018000	0.0000018000	0.0000018000	
0	0	0	0	0	0	0	0	0	0	0	0	0	0	
sweep	sweep	sweep	sweep	sweep	sweep	sweep	sweep	sweep	sweep	sweep	sweep	sweep	sweep	
0.0000000000	0.0000000000	
PB2	16
0.0000100000	0.0000350000	0.0000550000	0.0000950000	0.0001600000	0.0001850000	0.0002050000	0.0002450000	0.0003100000	0.0003350000	0.0003550000	0.0003950000	0.0004600000	0.0004850000	0.0005050000	0.0005450000	
0.0000008500	0.0000008500	0.0000008500	0.0000008500	0.0000008500	0.0000008500	0.0000008500	0.0000008500	0.0000008500	0.0000008500	0.0000008500	0.0000008500	0.0000008500	0.0000008500	0.0000008500	0.0000008500	
0	0	0	0	0	0	0	0	0	0	0	0	0	0	0	0	
notype	notype	notype	notype	notype	notype	notype	notype	notype	notype	notype	notype	notype	notype	notype	notype	
0.0000000875	0.0000000875	
PB0	5
0.0001000000	0.0002500000	0.0004000000	0.0005500000	0.0005600000	
0.0000003000	0.0000003000	0.0000003000	0.0000003000	0.0000003000	
0	0	0	0	0	
notype	notype	notype	notype	notype	
0.0000000000	0.0000000000	
PB3	1
0.0000000000	
0.0006000000	
0	
notype	
0.0000000000	0.0000000000	
PB17	1
0.0000000000	
0.0000010000	
0	
notype	
0.0000000000	0.0000000000	

Comments: