PB0	4
0.0000097800	0.0000157500	0.0000227400	0.0000296150	
0.0000002700	0.0000002700	0.0000002700	0.0000002700	
0	0	0	0	
notype	notype	notype	notype	
0.0000000000	0.0000000000	
PB5	5
0.0000000000	0.0000097850	0.0000157550	0.0000227400	0.0000296200	
0.0000010000	0.0000030000	0.0000030000	0.0000030000	0.0000030000	
0	0	0	0	0	
notype	notype	notype	notype	notype	
0.0000007700	0.0000007700	
PB2	5
0.0000019100	0.0000019475	0.0000020200	0.0000207550	0.0000278750	
0.0000000350	0.0000000700	0.0000000350	0.0000000350	0.0000000700	
0	0	0	0	0	
notype	T	T	notype	notype	
0.0000000000	0.0000000000	

Comments: