PB0	22
0.0001145000	0.0001197000	0.0001249000	0.0001301000	0.0001353000	0.0001405000	0.0001457000	0.0001509000	0.0001561000	0.0001613000	0.0001665000	0.0001687000	0.0001709000	0.0001731000	0.0001753000	0.0001775000	0.0001797000	0.0001819000	0.0001841000	0.0001863000	0.0001885000	0.0001907000	
0.0000002000	0.0000002000	0.0000002000	0.0000002000	0.0000002000	0.0000002000	0.0000002000	0.0000002000	0.0000002000	0.0000002000	0.0000002000	0.0000002000	0.0000002000	0.0000002000	0.0000002000	0.0000002000	0.0000002000	0.0000002000	0.0000002000	0.0000002000	0.0000002000	0.0000002000	
0	0	0	0	0	0	0	0	0	0	0	0	0	0	0	0	0	0	0	0	0	0	
notype	notype	notype	notype	notype	notype	notype	notype	notype	notype	notype	notype	notype	notype	notype	notype	notype	notype	notype	notype	notype	notype	
0.0000000000	0.0000000000	
PB5	23
0.0001095000	0.0001145000	0.0001197000	0.0001249000	0.0001301000	0.0001353000	0.0001405000	0.0001457000	0.0001509000	0.0001561000	0.0001613000	0.0001665000	0.0001687000	0.0001709000	0.0001731000	0.0001753000	0.0001775000	0.0001797000	0.0001819000	0.0001841000	0.0001863000	0.0001885000	0.0001907000	
0.0000002000	0.0000002000	0.0000002000	0.0000002000	0.0000002000	0.0000002000	0.0000002000	0.0000002000	0.0000002000	0.0000002000	0.0000002000	0.0000002000	0.0000002000	0.0000002000	0.0000002000	0.0000002000	0.0000002000	0.0000002000	0.0000002000	0.0000002000	0.0000002000	0.0000002000	0.0000002000	
0	0	0	0	0	0	0	0	0	0	0	0	0	0	0	0	0	0	0	0	0	0	0	
notype	notype	notype	notype	notype	notype	notype	notype	notype	notype	notype	notype	notype	notype	notype	notype	notype	notype	notype	notype	notype	notype	notype	
0.0000007700	0.0000007700	
PB2	12
0.0000030000	0.0001115000	0.0001167000	0.0001219000	0.0001271000	0.0001323000	0.0001375000	0.0001427000	0.0001479000	0.0001531000	0.0001583000	0.0001635000	
0.0000013000	0.0000013000	0.0000013000	0.0000013000	0.0000013000	0.0000013000	0.0000013000	0.0000013000	0.0000013000	0.0000013000	0.0000013000	0.0000013000	
0	0	0	0	0	0	0	0	0	0	0	0	
notype	notype	notype	notype	notype	notype	notype	notype	notype	notype	notype	notype	
0.0000000000	0.0000000000	
PB7	22
0.0000000000	0.0001147000	0.0001199000	0.0001251000	0.0001303000	0.0001355000	0.0001407000	0.0001459000	0.0001511000	0.0001563000	0.0001615000	0.0001667000	0.0001689000	0.0001711000	0.0001733000	0.0001755000	0.0001777000	0.0001799000	0.0001821000	0.0001843000	0.0001865000	0.0001887000	
0.0000000000	0.0000000000	0.0000000000	0.0000000000	0.0000000000	0.0000000000	0.0000000000	0.0000000000	0.0000000000	0.0000000000	0.0000000000	0.0000000000	0.0000000000	0.0000000000	0.0000000000	0.0000000000	0.0000000000	0.0000000000	0.0000000000	0.0000000000	0.0000000000	0.0000000000	
0	0	0	0	0	0	0	0	0	0	0	0	0	0	0	0	0	0	0	0	0	0	
notype	notype	notype	notype	notype	notype	notype	notype	notype	notype	notype	notype	notype	notype	notype	notype	notype	notype	notype	notype	notype	notype	
0.0000000000	0.0000000000	
PB3	1
0.0000060000	
0.0001000000	
0	
notype	
0.0000000000	0.0000000000	

Comments: