PB0	4
0.0000139875	0.0000189575	0.0000339875	0.0000389575	
0.0000002700	0.0000002700	0.0000002700	0.0000002700	
0	0	0	0	
t	t	t	t	
0.0000000000	0.0000000000	
PB5	5
0.0000000000	0.0000139875	0.0000189575	0.0000339875	0.0000389575	
0.0000030000	0.0000020000	0.0000020000	0.0000020000	0.0000020000	
0	0	0	0	0	
notype	notype	notype	notype	notype	
0.0000005200	0.0000005450	
PB2	2
0.0000063000	0.0000263000	
0.0000002875	0.0000002875	
0	0	
notype	notype	
0.0000001550	0.0000001550	
PB6	3
0.0000063000	0.0000090000	0.0000263000	
0.0000003000	0.0000020000	0.0000003000	
0	0	0	
notype	notype	notype	
0.0000008475	0.0000007725	

Comments: