PB5	3
0.0000020000	0.0000080000	0.0000140000	
0.0000030000	0.0000030000	0.0000030000	
0	0	0	
notype	notype	notype	
0.0000007500	0.0000007500	
PB2	4
0.0000010000	0.0000010300	0.0000010800	0.0000130000	
0.0000000150	0.0000000250	0.0000000150	0.0000000250	
0	0	0	0	
notype	t2	t2	notype	
0.0000000000	0.0000000000	
PB0	3
0.0000020000	0.0000080000	0.0000140000	
0.0000003500	0.0000003500	0.0000003500	
0	0	0	
readout	readout	readout	
0.0000000000	0.0000000000	
PB15	1
0.0000000000	
0.0000180000	
0	
notype	
0.0000000000	0.0000000000	

Comments: