PB5	7
0.0000000000	0.0000703800	0.0001303800	0.0001903800	0.0002503800	0.0003103800	0.0003703800	
0.0000050000	0.0000005000	0.0000005000	0.0000005000	0.0000005000	0.0000005000	0.0000005000	
0	0	0	0	0	0	0	
notype	notype	notype	notype	notype	notype	notype	
0.0000000000	0.0000000000	
PB3	6
0.0000447100	0.0001047100	0.0001647100	0.0002247100	0.0002847100	0.0003447100	
0.0000160000	0.0000160000	0.0000160000	0.0000160000	0.0000160000	0.0000120000	
0	0	0	0	0	0	
notype	notype	notype	notype	notype	notype	
0.0000000000	0.0000000000	
PB4	5
0.0000300000	0.0000900000	0.0001500000	0.0002100000	0.0002700000	
0.0000006000	0.0000006000	0.0000006000	0.0000006000	0.0000006000	
0	0	0	0	0	
notype	notype	notype	notype	notype	
0.0000000875	0.0000000875	
PB7	1
0.0004300000	
0.0000000100	
0	
notype	
0.0000000000	0.0000000000	
PB8	1
0.0004500000	
0.0000000100	
0	
notype	
0.0000000000	0.0000000000	
PB6	1
0.0000000000	
0.0005000000	
0	
notype	
0.0000000000	0.0000000000	
PB0	1
0.0004700000	
0.0000002000	
0	
notype	
0.0000000000	0.0000000000	

Comments: