PB6	41
0.0000000000	0.0000150000	0.0000180000	0.0000210000	0.0000240000	0.0000270000	0.0000300000	0.0000330000	0.0000360000	0.0000390000	0.0000420000	0.0000450000	0.0000480000	0.0000510000	0.0000540000	0.0000570000	0.0000600000	0.0000630000	0.0000660000	0.0000690000	0.0000720000	0.0000750000	0.0000780000	0.0000810000	0.0000840000	0.0000870000	0.0000900000	0.0000930000	0.0000960000	0.0000990000	0.0001020000	0.0001050000	0.0001080000	0.0001110000	0.0001140000	0.0001170000	0.0001200000	0.0001230000	0.0001260000	0.0001290000	0.0001320000	
0.0000000000	0.0000003250	0.0000003250	0.0000003250	0.0000003250	0.0000003250	0.0000003250	0.0000003250	0.0000003250	0.0000003250	0.0000003250	0.0000003250	0.0000003250	0.0000003250	0.0000003250	0.0000003250	0.0000003250	0.0000003250	0.0000003250	0.0000003250	0.0000003250	0.0000003250	0.0000003250	0.0000003250	0.0000003250	0.0000003250	0.0000003250	0.0000003250	0.0000003250	0.0000003250	0.0000003250	0.0000003250	0.0000003250	0.0000003250	0.0000003250	0.0000003250	0.0000003250	0.0000003250	0.0000003250	0.0000003250	0.0000003250	
0	0	0	0	0	0	0	0	0	0	0	0	0	0	0	0	0	0	0	0	0	0	0	0	0	0	0	0	0	0	0	0	0	0	0	0	0	0	0	0	0	
meas	meas	meas	meas	meas	meas	meas	meas	meas	meas	meas	meas	meas	meas	meas	meas	meas	meas	meas	meas	meas	meas	meas	meas	meas	meas	meas	meas	meas	meas	meas	meas	meas	meas	meas	meas	meas	meas	meas	meas	meas	
0.0000000000	0.0000000000	
PB7	41
0.0000000000	0.0000144000	0.0000174000	0.0000204000	0.0000234000	0.0000264000	0.0000294000	0.0000324000	0.0000354000	0.0000384000	0.0000414000	0.0000444000	0.0000474000	0.0000504000	0.0000534000	0.0000564000	0.0000594000	0.0000624000	0.0000654000	0.0000684000	0.0000714000	0.0000744000	0.0000774000	0.0000804000	0.0000834000	0.0000864000	0.0000894000	0.0000924000	0.0000954000	0.0000984000	0.0001014000	0.0001044000	0.0001074000	0.0001104000	0.0001134000	0.0001164000	0.0001194000	0.0001224000	0.0001254000	0.0001284000	0.0001314000	
0.0000000000	0.0000003250	0.0000003250	0.0000003250	0.0000003250	0.0000003250	0.0000003250	0.0000003250	0.0000003250	0.0000003250	0.0000003250	0.0000003250	0.0000003250	0.0000003250	0.0000003250	0.0000003250	0.0000003250	0.0000003250	0.0000003250	0.0000003250	0.0000003250	0.0000003250	0.0000003250	0.0000003250	0.0000003250	0.0000003250	0.0000003250	0.0000003250	0.0000003250	0.0000003250	0.0000003250	0.0000003250	0.0000003250	0.0000003250	0.0000003250	0.0000003250	0.0000003250	0.0000003250	0.0000003250	0.0000003250	0.0000003250	
0	0	0	0	0	0	0	0	0	0	0	0	0	0	0	0	0	0	0	0	0	0	0	0	0	0	0	0	0	0	0	0	0	0	0	0	0	0	0	0	0	
meas	meas	meas	meas	meas	meas	meas	meas	meas	meas	meas	meas	meas	meas	meas	meas	meas	meas	meas	meas	meas	meas	meas	meas	meas	meas	meas	meas	meas	meas	meas	meas	meas	meas	meas	meas	meas	meas	meas	meas	meas	
0.0000000000	0.0000000000	
PB3	1
0.0000041100	
0.0000050000	
0	
w	
0.0000004400	0.0000004400	
PB2	42
0.0000040000	0.0000128000	0.0000142000	0.0000172000	0.0000202000	0.0000232000	0.0000262000	0.0000292000	0.0000322000	0.0000352000	0.0000382000	0.0000412000	0.0000442000	0.0000472000	0.0000502000	0.0000532000	0.0000562000	0.0000592000	0.0000622000	0.0000652000	0.0000682000	0.0000712000	0.0000742000	0.0000772000	0.0000802000	0.0000832000	0.0000862000	0.0000892000	0.0000922000	0.0000952000	0.0000982000	0.0001012000	0.0001042000	0.0001072000	0.0001102000	0.0001132000	0.0001162000	0.0001192000	0.0001222000	0.0001252000	0.0001282000	0.0001312000	
0.0000001000	0.0000001000	0.0000001000	0.0000001000	0.0000001000	0.0000001000	0.0000001000	0.0000001000	0.0000001000	0.0000001000	0.0000001000	0.0000001000	0.0000001000	0.0000001000	0.0000001000	0.0000001000	0.0000001000	0.0000001000	0.0000001000	0.0000001000	0.0000001000	0.0000001000	0.0000001000	0.0000001000	0.0000001000	0.0000001000	0.0000001000	0.0000001000	0.0000001000	0.0000001000	0.0000001000	0.0000001000	0.0000001000	0.0000001000	0.0000001000	0.0000001000	0.0000001000	0.0000001000	0.0000001000	0.0000001000	0.0000001000	0.0000001000	
90	90	0	0	0	0	0	0	0	0	0	0	0	0	0	0	0	0	0	0	0	0	0	0	0	0	0	0	0	0	0	0	0	0	0	0	0	0	0	0	0	0	
t	t	t	t	t	t	t	t	t	t	t	t	t	t	t	t	t	t	t	t	t	t	t	t	t	t	t	t	t	t	t	t	t	t	t	t	t	t	t	t	t	t	
0.0000004400	0.0000004400	
PB5	41
0.0000000000	0.0000144000	0.0000174000	0.0000204000	0.0000234000	0.0000264000	0.0000294000	0.0000324000	0.0000354000	0.0000384000	0.0000414000	0.0000444000	0.0000474000	0.0000504000	0.0000534000	0.0000564000	0.0000594000	0.0000624000	0.0000654000	0.0000684000	0.0000714000	0.0000744000	0.0000774000	0.0000804000	0.0000834000	0.0000864000	0.0000894000	0.0000924000	0.0000954000	0.0000984000	0.0001014000	0.0001044000	0.0001074000	0.0001104000	0.0001134000	0.0001164000	0.0001194000	0.0001224000	0.0001254000	0.0001284000	0.0001314000	
0.0000030000	0.0000015000	0.0000015000	0.0000015000	0.0000015000	0.0000015000	0.0000015000	0.0000015000	0.0000015000	0.0000015000	0.0000015000	0.0000015000	0.0000015000	0.0000015000	0.0000015000	0.0000015000	0.0000015000	0.0000015000	0.0000015000	0.0000015000	0.0000015000	0.0000015000	0.0000015000	0.0000015000	0.0000015000	0.0000015000	0.0000015000	0.0000015000	0.0000015000	0.0000015000	0.0000015000	0.0000015000	0.0000015000	0.0000015000	0.0000015000	0.0000015000	0.0000015000	0.0000015000	0.0000015000	0.0000015000	0.0000015000	
0	0	0	0	0	0	0	0	0	0	0	0	0	0	0	0	0	0	0	0	0	0	0	0	0	0	0	0	0	0	0	0	0	0	0	0	0	0	0	0	0	
notype	notype	notype	notype	notype	notype	notype	notype	notype	notype	notype	notype	notype	notype	notype	notype	notype	notype	notype	notype	notype	notype	notype	notype	notype	notype	notype	notype	notype	notype	notype	notype	notype	notype	notype	notype	notype	notype	notype	notype	notype	
0.0000010500	0.0000010500	
PB4	20
0.0000164000	0.0000224000	0.0000284000	0.0000344000	0.0000404000	0.0000464000	0.0000524000	0.0000584000	0.0000644000	0.0000704000	0.0000764000	0.0000824000	0.0000884000	0.0000944000	0.0001004000	0.0001064000	0.0001124000	0.0001184000	0.0001244000	0.0001304000	
0.0000015000	0.0000015000	0.0000015000	0.0000015000	0.0000015000	0.0000015000	0.0000015000	0.0000015000	0.0000015000	0.0000015000	0.0000015000	0.0000015000	0.0000015000	0.0000015000	0.0000015000	0.0000015000	0.0000015000	0.0000015000	0.0000015000	0.0000015000	
0	0	0	0	0	0	0	0	0	0	0	0	0	0	0	0	0	0	0	0	
notype	notype	notype	notype	notype	notype	notype	notype	notype	notype	notype	notype	notype	notype	notype	notype	notype	notype	notype	notype	
0.0000000000	0.0000000000	

Comments: