PB5	11
0.0000000000	0.0000715300	0.0001623000	0.0002534500	0.0013750000	0.0017500000	0.0019000000	0.0021000000	0.0024000000	0.0025500000	0.0027000000	
0.0000050000	0.0000005000	0.0000005000	0.0000005000	0.0000005000	0.0000005000	0.0000005000	0.0000005000	0.0000005000	0.0000005000	0.0000005000	
0	0	0	0	0	0	0	0	0	0	0	
notype	notype	notype	notype	notype	notype	notype	notype	notype	notype	notype	
0.0000000000	0.0000000000	
PB12	11
0.0000446600	0.0001211000	0.0002122500	0.0013000000	0.0017000000	0.0018500000	0.0020000000	0.0023500000	0.0025000000	0.0026500000	0.0029000000	
0.0000120000	0.0000120000	0.0000120000	0.0000120000	0.0000120000	0.0000120000	0.0000120000	0.0000120000	0.0000120000	0.0000120000	0.0000120000	
0	0	0	0	0	0	0	0	0	0	0	
notype	notype	notype	notype	notype	notype	notype	notype	notype	notype	notype	
0.0000000000	0.0000000000	
PB4	12
0.0000300000	0.0001011500	0.0001923000	0.0004999650	0.0006999650	0.0009000000	0.0016500000	0.0018000000	0.0019500000	0.0023000000	0.0024500000	0.0026000000	
0.0000007500	0.0000007500	0.0000007500	0.0000000350	0.0000000700	0.0000000350	0.0000007500	0.0000007500	0.0000007500	0.0000007500	0.0000007500	0.0000007500	
0	0	0	0	0	0	0	0	0	0	0	0	
notype	notype	notype	notype	notype	notype	notype	notype	notype	notype	notype	notype	
0.0000000875	0.0000000875	
PB7	3
0.0015000000	0.0022000000	0.0030000000	
0.0000000100	0.0000000100	0.0000000100	
0	0	0	
notype	notype	notype	
0.0000000000	0.0000000000	
PB0	1
0.0032000000	
0.0000000100	
0	
notype	
0.0000000000	0.0000000000	
PB10	1
0.0004000000	
0.0007000000	
0	
notype	
0.0000000000	0.0000000000	
PB3	2
0.0005050000	0.0007050000	
0.0000180000	0.0000180000	
0	0	
length	length	
0.0000000000	0.0000000000	
PB20	1
0.0000000000	
0.0033000000	
0	
notype	
0.0000000000	0.0000000000	

Comments: