PB5	4
0.0000000000	0.0000030000	0.0000055000	0.0000100150	
0.0000005000	0.0000010000	0.0000010000	0.0000010000	
0	0	0	0	
notype	notype	notype	notype	
0.0000007700	0.0000007700	
PB2	4
0.0000015000	0.0000080000	0.0000080350	0.0000081350	
0.0000000500	0.0000000250	0.0000000900	0.0000000250	
0	0	0	0	
notype	notype	echo	echo	
0.0000000000	0.0000000000	
PB0	3
0.0000030000	0.0000055000	0.0000100150	
0.0000004000	0.0000004000	0.0000004000	
0	0	0	
notype	notype	notype	
0.0000000000	0.0000000000	
PB17	1
0.0000000000	
0.0000120000	
0	
notype	
0.0000000000	0.0000000000	

Comments: