PB6	1
0.0000173950	
0.0000003240	
0	
meas	
0.0000000000	0.0000000000	
PB7	1
0.0000130000	
0.0000003240	
0	
meas	
0.0000000000	0.0000000000	
PB3	1
0.0000041100	
0.0000050000	
0	
w	
0.0000004400	0.0000004400	
PB2	2
0.0000040000	0.0000128000	
0.0000001000	0.0000001000	
90	90	
t	t	
0.0000004400	0.0000004400	
PB5	3
0.0000000000	0.0000092000	0.0000130000	
0.0000030000	0.0000030000	0.0000050000	
0	0	0	
notype	notype	notype	
0.0000010500	0.0000010500	
PB4	1
0.0000100000	
0.0000060000	
0	
mw	
0.0000000000	0.0000000000	

Comments: