PB0	6
0.0000230975	0.0000300975	0.0000767000	0.0000837000	0.0001353025	0.0001423025	
0.0000002750	0.0000002750	0.0000002750	0.0000002750	0.0000002750	0.0000002750	
0	0	0	0	0	0	
notype	notype	notype	notype	notype	notype	
0.0000000000	0.0000000000	
PB5	10
0.0000000000	0.0000118025	0.0000231025	0.0000301025	0.0000654050	0.0000767050	0.0000837050	0.0001240075	0.0001353075	0.0001423075	
0.0000010000	0.0000001000	0.0000030000	0.0000200000	0.0000001000	0.0000030000	0.0000200000	0.0000001000	0.0000030000	0.0000200000	
0	0	0	0	0	0	0	0	0	0	
notype	notype	notype	notype	notype	notype	notype	notype	notype	notype	
0.0000007700	0.0000007700	
PB2	6
0.0000020025	0.0000168025	0.0000521050	0.0000704050	0.0001057075	0.0001290075	
0.0000015000	0.0000015000	0.0000015000	0.0000015000	0.0000015000	0.0000015000	
0	0	0	0	0	0	
notype	notype	notype	notype	notype	notype	
0.0000000000	0.0000000000	
PB3	3
0.0000063000	0.0000564025	0.0001100050	
0.0000015000	0.0000050000	0.0000100000	
0	0	0	
notype	notype	notype	
0.0000000000	0.0000000000	

Comments: