PB5	6
0.0000000000	0.0000703800	0.0001600000	0.0002500000	0.0007000000	0.0008000000	
0.0000050000	0.0000005000	0.0000005000	0.0000005000	0.0000005000	0.0000005000	
0	0	0	0	0	0	
notype	notype	notype	notype	notype	notype	
0.0000007700	0.0000007700	
PB3	4
0.0000447100	0.0001200000	0.0002100000	0.0004000000	
0.0000098000	0.0000098000	0.0000098000	0.0000110000	
0	0	0	0	
notype	notype	notype	notype	
0.0000000000	0.0000000000	
PB4	3
0.0000300000	0.0001000000	0.0001900000	
0.0000007500	0.0000007500	0.0000007500	
0	0	0	
notype	notype	notype	
0.0000000875	0.0000000875	
PB6	1
0.0000000000	
0.0010000000	
0	
notype	
0.0000000000	0.0000000000	
PB0	2
0.0007000000	0.0008000000	
0.0000002000	0.0000002000	
0	0	
notype	notype	
0.0000000000	0.0000000000	

Comments: