PB5	6
0.0000000000	0.0000300000	0.0000500000	0.0000700000	0.0001050500	0.0001250500	
0.0000050000	0.0000003000	0.0000003000	0.0000003000	0.0000010000	0.0000010000	
0	0	0	0	0	0	
notype	notype	notype	notype	notype	notype	
0.0000007700	0.0000007700	
PB13	4
0.0000200000	0.0000400000	0.0000600000	0.0000800000	
0.0000018000	0.0000018000	0.0000018000	0.0000018000	
0	0	0	0	
sweep	sweep	sweep	sweep	
0.0000000000	0.0000000000	
PB2	4
0.0000100000	0.0000350000	0.0000550000	0.0000950000	
0.0000008500	0.0000008500	0.0000008500	0.0000008500	
0	0	0	0	
notype	notype	notype	notype	
0.0000000875	0.0000000875	
PB0	2
0.0001050500	0.0001250500	
0.0000003000	0.0000003000	
0	0	
notype	notype	
0.0000000000	0.0000000000	
PB3	1
0.0000000000	
0.0002500000	
0	
notype	
0.0000000000	0.0000000000	
PB17	1
0.0000000000	
0.0000010000	
0	
notype	
0.0000000000	0.0000000000	

Comments: