PB0	4
0.0000084675	0.0000134375	0.0000204675	0.0000254375	
0.0000002700	0.0000002700	0.0000002700	0.0000002700	
0	0	0	0	
notype	notype	notype	notype	
0.0000000000	0.0000000000	
PB5	5
0.0000000000	0.0000084675	0.0000134375	0.0000204675	0.0000254375	
0.0000030000	0.0000020000	0.0000020000	0.0000020000	0.0000020000	
0	0	0	0	0	
notype	notype	notype	notype	notype	
0.0000005200	0.0000005450	
PB2	2
0.0000053000	0.0000177800	
0.0000000125	0.0000000125	
0	0	
m	m	
0.0000001550	0.0000001550	
PB6	1
0.0000053000	
0.0000000225	
0	
m	
0.0000008475	0.0000007725	

Comments: