PB5	12
0.0000050000	0.0003300000	0.0005500000	0.0008750000	0.0011050000	0.0013800000	0.0017050000	0.0019800000	0.0023050000	0.0025800000	0.0029050000	0.0031800000	
0.0000010000	0.0000010000	0.0000010000	0.0000010000	0.0000010000	0.0000010000	0.0000010000	0.0000010000	0.0000010000	0.0000010000	0.0000010000	0.0000010000	
0	0	0	0	0	0	0	0	0	0	0	0	
notype	notype	notype	notype	notype	notype	notype	notype	notype	notype	notype	notype	
0.0000007700	0.0000007700	
PB2	20
0.0000000000	0.0000500000	0.0001559700	0.0002620000	0.0005950000	0.0007009700	0.0008070000	0.0011000000	0.0011500000	0.0012309700	0.0013120000	0.0017500000	0.0018309700	0.0019120000	0.0023500000	0.0024309700	0.0025120000	0.0029500000	0.0030309700	0.0031120000	
0.0000000500	0.0000000500	0.0000001100	0.0000000500	0.0000000500	0.0000001100	0.0000001700	0.0000000500	0.0000000500	0.0000001100	0.0000000500	0.0000000500	0.0000001100	0.0000000500	0.0000000500	0.0000001100	0.0000001700	0.0000000500	0.0000001100	0.0000001700	
0	0	0	0	0	0	0	0	0	0	0	0	0	0	0	0	0	0	0	0	
rab	rab	t2	t2	rab	t2	t2	rab	rab	t2	t2	rab	t2	t2	rab	t2	t2	rab	t2	t2	
0.0000000000	0.0000000000	
PB0	6
0.0003300000	0.0008750000	0.0013800000	0.0019800000	0.0025800000	0.0031800000	
0.0000003000	0.0000003000	0.0000003000	0.0000003000	0.0000003000	0.0000003000	
0	0	0	0	0	0	
notype	notype	notype	notype	notype	notype	
0.0000000000	0.0000000000	
PB10	1
0.0000000000	
0.0035000000	
0	
notype	
0.0000000000	0.0000000000	
PB3	1
0.0000000000	
0.0035000000	
0	
notype	
0.0000000000	0.0000000000	
PB17	1
0.0000000000	
0.0000000500	
0	
notype	
0.0000000000	0.0000000000	
PB13	6
0.0000550000	0.0001609700	0.0006000000	0.0007059700	0.0011300000	0.0023300000	
0.0000800000	0.0000800000	0.0000800000	0.0000800000	0.0002200000	0.0002200000	
0	0	0	0	0	0	
notype	notype	notype	notype	notype	notype	
0.0000000000	0.0000000000	

Comments: