PB5	2
0.0000000000	0.0199950000	
0.0000005000	0.0000005000	
0	0	
notype	notype	
0.0000007700	0.0000007700	
PB3	1
0.0010000000	
0.0020000000	
0	
rabi	
0.0000000000	0.0000000000	
PB9	1
0.0005000000	
0.0030000000	
0	
notype	
0.0000000000	0.0000000000	
PB10	1
0.0000000000	
0.0220000000	
0	
notype	
0.0000000000	0.0000000000	
PB17	1
0.0000000000	
0.0000010000	
0	
notype	
0.0000000000	0.0000000000	
PB7	2
0.0000500000	0.0200000000	
0.0000010000	0.0000010000	
0	0	
notype	notype	
0.0000000000	0.0000000000	
PB0	1
0.0210000000	
0.0000010000	
0	
notype	
0.0000000000	0.0000000000	

Comments: