PB5	2
0.0000010000	0.0000700000	
0.0000005000	0.0000005000	
0	0	
notype	notype	
0.0000000000	0.0000000000	
PB3	1
0.0000237300	
0.0000004000	
0	
notype	
0.0000000000	0.0000000000	
PB2	1
0.0000043000	
0.0000008000	
0	
notype	
0.0000000875	0.0000000875	
PB0	1
0.0001500000	
0.0000002000	
0	
notype	
0.0000007700	0.0000007700	
PB7	1
0.0000840700	
0.0000000100	
0	
notype	
0.0000000000	0.0000000000	
PB8	1
0.0000990000	
0.0000000100	
0	
notype	
0.0000000000	0.0000000000	
PB6	1
0.0000000000	
0.0002000000	
0	
notype	
0.0000000000	0.0000000000	

Comments: