PB5	4
0.0000000000	0.0000030000	0.0000050000	0.0000090000	
0.0000005000	0.0000008000	0.0000008000	0.0000008000	
0	0	0	0	
notype	notype	notype	notype	
0.0000007700	0.0000007700	
PB2	4
0.0000015000	0.0000070000	0.0000071600	0.0000073750	
0.0000000400	0.0000000200	0.0000000750	0.0000000200	
0	0	0	0	
notype	notype	echo	echo	
0.0000000000	0.0000000000	
PB0	3
0.0000030000	0.0000050000	0.0000090000	
0.0000003000	0.0000003000	0.0000003000	
0	0	0	
notype	notype	notype	
0.0000000000	0.0000000000	
PB17	1
0.0000000000	
0.0000110000	
0	
notype	
0.0000000000	0.0000000000	
PB3	1
0.0000066000	
0.0000002000	
0	
notype	
0.0000000700	0.0000000700	

Comments: