PB3	2
0.0000030000	0.0000111100	
0.0000020000	0.0000045000	
0	0	
w	w	
0.0000004400	0.0000004400	
PB2	5
0.0000020000	0.0000025000	0.0000110000	0.0000248000	0.0000278000	
0.0000001000	0.0000001000	0.0000001000	0.0000001000	0.0000001000	
90	0	90	0	0	
t	t	t	t	t	
0.0000004400	0.0000004400	
PB5	6
0.0000000000	0.0000050000	0.0000070000	0.0000157000	0.0000250000	0.0000280000	
0.0000010000	0.0000020000	0.0000030000	0.0000020000	0.0000015000	0.0000015000	
0	0	0	0	0	0	
notype	notype	notype	notype	notype	notype	
0.0000010200	0.0000007600	
PB4	2
0.0000024000	0.0000270000	
0.0000003000	0.0000015000	
0	0	
notype	notype	
0.0000000000	0.0000000000	
PB6	2
0.0000256000	0.0000286000	
0.0000003250	0.0000003250	
0	0	
meas	meas	
0.0000000000	0.0000000000	
PB7	2
0.0000250000	0.0000280000	
0.0000003250	0.0000003250	
0	0	
meas	meas	
0.0000000000	0.0000000000	

Comments: