PB5	8
0.0000000000	0.0000855300	0.0001763000	0.0002814500	0.0003695300	0.0004743000	0.0005654500	0.0011100000	
0.0000050000	0.0000005000	0.0000005000	0.0000005000	0.0000005000	0.0000005000	0.0000005000	0.0000005000	
0	0	0	0	0	0	0	0	
notype	notype	notype	notype	notype	notype	notype	notype	
0.0000000000	0.0000000000	
PB12	7
0.0001351000	0.0003426600	0.0005242500	0.0007700000	0.0009000000	0.0009600000	0.0010710500	
0.0000090000	0.0000090000	0.0000090000	0.0000090000	0.0000090000	0.0000090000	0.0000090000	
0	0	0	0	0	0	0	
notype	notype	notype	notype	notype	notype	notype	
0.0000000000	0.0000000000	
PB4	12
0.0000300000	0.0001151500	0.0002063000	0.0003280000	0.0003991500	0.0005043000	0.0006996500	0.0007500000	0.0008000000	0.0009396500	0.0009900000	0.0010410500	
0.0000007000	0.0000007000	0.0000007000	0.0000007000	0.0000007000	0.0000007000	0.0000003500	0.0000003500	0.0000007000	0.0000007000	0.0000010500	0.0000003500	
0	0	0	0	0	0	0	0	0	0	0	0	
notype	notype	notype	notype	notype	notype	notype	notype	notype	notype	notype	notype	
0.0000000875	0.0000000875	
PB13	3
0.0000446600	0.0002262500	0.0004280000	
0.0000180000	0.0000180000	0.0000180000	
0	0	0	
notype	notype	notype	
0.0000000000	0.0000000000	
PB3	1
0.0008200000	
0.0000600000	
0	
georg	
0.0000000000	0.0000000000	
PB7	1
0.0012010500	
0.0000010000	
0	
notype	
0.0000000000	0.0000000000	
PB0	1
0.0015010500	
0.0000000100	
0	
notype	
0.0000000000	0.0000000000	

Comments: