PB5	32
0.0000000000	0.0000855300	0.0001763000	0.0002814500	0.0003695300	0.0004743000	0.0005654500	0.0011100000	0.0015010600	0.0015865900	0.0016773600	0.0017825100	0.0018705900	0.0019753600	0.0020665100	0.0026110600	0.0030021200	0.0030876500	0.0031784200	0.0032835700	0.0033716500	0.0034764200	0.0035675700	0.0041121200	0.0045031800	0.0045887100	0.0046794800	0.0047846300	0.0048727100	0.0049774800	0.0050686300	0.0056131800	
0.0000050000	0.0000005000	0.0000005000	0.0000005000	0.0000005000	0.0000005000	0.0000005000	0.0000005000	0.0000050000	0.0000005000	0.0000005000	0.0000005000	0.0000005000	0.0000005000	0.0000005000	0.0000005000	0.0000050000	0.0000005000	0.0000005000	0.0000005000	0.0000005000	0.0000005000	0.0000005000	0.0000005000	0.0000050000	0.0000005000	0.0000005000	0.0000005000	0.0000005000	0.0000005000	0.0000005000	0.0000005000	
0	0	0	0	0	0	0	0	0	0	0	0	0	0	0	0	0	0	0	0	0	0	0	0	0	0	0	0	0	0	0	0	
notype	notype	notype	notype	notype	notype	notype	notype	notype	notype	notype	notype	notype	notype	notype	notype	notype	notype	notype	notype	notype	notype	notype	notype	notype	notype	notype	notype	notype	notype	notype	notype	
0.0000000000	0.0000000000	
PB12	28
0.0001351000	0.0003426600	0.0005242500	0.0007700000	0.0009000000	0.0009600000	0.0010710500	0.0016361600	0.0018437200	0.0020253100	0.0022710600	0.0024010600	0.0024610600	0.0025721100	0.0031372200	0.0033447800	0.0035263700	0.0037721200	0.0039021200	0.0039621200	0.0040731700	0.0046382800	0.0048458400	0.0050274300	0.0052731800	0.0054031800	0.0054631800	0.0055742300	
0.0000090000	0.0000090000	0.0000090000	0.0000090000	0.0000090000	0.0000090000	0.0000090000	0.0000090000	0.0000090000	0.0000090000	0.0000090000	0.0000090000	0.0000090000	0.0000090000	0.0000090000	0.0000090000	0.0000090000	0.0000090000	0.0000090000	0.0000090000	0.0000090000	0.0000090000	0.0000090000	0.0000090000	0.0000090000	0.0000090000	0.0000090000	0.0000090000	
0	0	0	0	0	0	0	0	0	0	0	0	0	0	0	0	0	0	0	0	0	0	0	0	0	0	0	0	
notype	notype	notype	notype	notype	notype	notype	notype	notype	notype	notype	notype	notype	notype	notype	notype	notype	notype	notype	notype	notype	notype	notype	notype	notype	notype	notype	notype	
0.0000000000	0.0000000000	
PB4	48
0.0000300000	0.0001151500	0.0002063000	0.0003280000	0.0003991500	0.0005043000	0.0006996500	0.0007500000	0.0008000000	0.0009396500	0.0009900000	0.0010410500	0.0015310600	0.0016162100	0.0017073600	0.0018290600	0.0019002100	0.0020053600	0.0022007100	0.0022510600	0.0023010600	0.0024407100	0.0024910600	0.0025421100	0.0030321200	0.0031172700	0.0032084200	0.0033301200	0.0034012700	0.0035064200	0.0037017700	0.0037521200	0.0038021200	0.0039417700	0.0039921200	0.0040431700	0.0045331800	0.0046183300	0.0047094800	0.0048311800	0.0049023300	0.0050074800	0.0052028300	0.0052531800	0.0053031800	0.0054428300	0.0054931800	0.0055442300	
0.0000007000	0.0000007000	0.0000007000	0.0000007000	0.0000007000	0.0000007000	0.0000003500	0.0000003500	0.0000007000	0.0000007000	0.0000010500	0.0000003500	0.0000007000	0.0000007000	0.0000007000	0.0000007000	0.0000007000	0.0000007000	0.0000003500	0.0000003500	0.0000007000	0.0000007000	0.0000010500	0.0000010500	0.0000007000	0.0000007000	0.0000007000	0.0000007000	0.0000007000	0.0000007000	0.0000003500	0.0000003500	0.0000007000	0.0000007000	0.0000010500	0.0000003500	0.0000007000	0.0000007000	0.0000007000	0.0000007000	0.0000007000	0.0000007000	0.0000003500	0.0000003500	0.0000007000	0.0000007000	0.0000010500	0.0000010500	
0	0	0	0	0	0	0	0	0	0	0	0	0	0	0	0	0	0	0	0	0	0	0	0	0	0	0	0	0	0	0	0	0	0	0	0	0	0	0	0	0	0	0	0	0	0	0	0	
notype	notype	notype	notype	notype	notype	notype	notype	notype	notype	notype	notype	notype	notype	notype	notype	notype	notype	notype	notype	notype	notype	notype	notype	notype	notype	notype	notype	notype	notype	notype	notype	notype	notype	notype	notype	notype	notype	notype	notype	notype	notype	notype	notype	notype	notype	notype	notype	
0.0000000875	0.0000000875	
PB13	12
0.0000446600	0.0002262500	0.0004280000	0.0015457200	0.0017273100	0.0019290600	0.0030467800	0.0032283700	0.0034301200	0.0045478400	0.0047294300	0.0049311800	
0.0000180000	0.0000180000	0.0000180000	0.0000180000	0.0000180000	0.0000180000	0.0000180000	0.0000180000	0.0000180000	0.0000180000	0.0000180000	0.0000180000	
0	0	0	0	0	0	0	0	0	0	0	0	
notype	notype	notype	notype	notype	notype	notype	notype	notype	notype	notype	notype	
0.0000000000	0.0000000000	
PB3	2
0.0008200000	0.0023210600	
0.0000600000	0.0000600000	
0	0	
georg	georg	
0.0000000000	0.0000000000	
PB7	4
0.0012010500	0.0027021100	0.0042031700	0.0057042300	
0.0000010000	0.0000010000	0.0000010000	0.0000010000	
0	0	0	0	
notype	notype	notype	notype	
0.0000000000	0.0000000000	
PB0	1
0.0060042300	
0.0000000100	
0	
notype	
0.0000000000	0.0000000000	

Comments: