PB5	2
0.0000000000	0.0000703800	
0.0000050000	0.0000005000	
0	0	
notype	notype	
0.0000000000	0.0000000000	
PB3	1
0.0000447100	
0.0000098000	
0	
notype	
0.0000000000	0.0000000000	
PB4	1
0.0000300000	
0.0000006000	
0	
notype	
0.0000000875	0.0000000875	
PB7	1
0.0001500000	
0.0000000100	
0	
notype	
0.0000000000	0.0000000000	
PB8	1
0.0002500000	
0.0000000100	
0	
notype	
0.0000000000	0.0000000000	
PB6	1
0.0000000000	
0.0004000000	
0	
notype	
0.0000000000	0.0000000000	
PB0	1
0.0003500000	
0.0000002000	
0	
notype	
0.0000000000	0.0000000000	

Comments: