PB5	3
0.0000010000	0.0004300000	0.0017000000	
0.0000001700	0.0000002000	0.0000002000	
0	0	0	
notype	notype	notype	
0.0000000000	0.0000000000	
PB3	3
0.0001003000	0.0005810300	0.0007000000	
0.0002000000	0.0001000000	0.0001000000	
0	0	0	
notype	notype	notype	
0.0000000000	0.0000000000	
PB2	1
0.0000039700	
0.0000013000	
0	
notype	
0.0000000875	0.0000000875	
PB0	1
0.0017000000	
0.0000002000	
0	
notype	
0.0000007700	0.0000007700	
PB7	1
0.0012000000	
0.0000001000	
0	
notype	
0.0000000000	0.0000000000	
PB8	1
0.0015000000	
0.0000001000	
0	
notype	
0.0000000000	0.0000000000	

Comments: