PB5	6
0.0000010000	0.0003800000	0.0011000000	0.0017000000	0.0020790000	0.0027990000	
0.0000001700	0.0000002000	0.0000002000	0.0000001700	0.0000002000	0.0000002000	
0	0	0	0	0	0	
notype	notype	notype	notype	notype	notype	
0.0000000000	0.0000000000	
PB3	4
0.0001003000	0.0007500000	0.0017993000	0.0024490000	
0.0001500000	0.0001500000	0.0001500000	0.0001500000	
0	0	0	0	
notype	tau	notype	tau	
0.0000000000	0.0000000000	
PB2	3
0.0000039700	0.0005000000	0.0017029700	
0.0000013000	0.0000013000	0.0000013000	
0	0	0	
notype	notype	notype	
0.0000000875	0.0000000875	
PB0	1
0.0035000000	
0.0000002000	
0	
notype	
0.0000007700	0.0000007700	
PB7	2
0.0015000000	0.0031990000	
0.0000001000	0.0000001000	
0	0	
notype	notype	
0.0000000000	0.0000000000	

Comments: