PB5	8
0.0000050000	0.0003179900	0.0004049900	0.0007179750	0.0008049750	0.0011179575	0.0012049575	0.0015179325	
0.0000010000	0.0000010000	0.0000010000	0.0000010000	0.0000010000	0.0000010000	0.0000010000	0.0000010000	
0	0	0	0	0	0	0	0	
notype	notype	notype	notype	notype	notype	notype	notype	
0.0000007700	0.0000007700	
PB2	12
0.0000500000	0.0001499975	0.0002499925	0.0004499900	0.0005499875	0.0006499825	0.0008499750	0.0009499700	0.0010499600	0.0012499575	0.0013499500	0.0014499400	
0.0000000225	0.0000000475	0.0000000225	0.0000000225	0.0000000475	0.0000000700	0.0000000225	0.0000000475	0.0000000225	0.0000000225	0.0000000475	0.0000000700	
0	0	0	0	0	0	0	0	0	0	0	0	
rab	T	T	notype	T	T	notype	T	T	notype	T	T	
0.0000000000	0.0000000000	
PB0	4
0.0003179900	0.0007179750	0.0011179575	0.0015179325	
0.0000003000	0.0000003000	0.0000003000	0.0000003000	
0	0	0	0	
notype	notype	notype	notype	
0.0000000000	0.0000000000	
PB10	1
0.0000000000	
0.0032000000	
0	
notype	
0.0000000000	0.0000000000	
PB3	1
0.0000000000	
0.0032000000	
0	
notype	
0.0000000000	0.0000000000	
PB17	1
0.0000000000	
0.0000500000	
0	
notype	
0.0000000000	0.0000000000	
PB13	4
0.0000549975	0.0001549925	0.0004549875	0.0005549825	
0.0000400000	0.0000400000	0.0000400000	0.0000400000	
0	0	0	0	
notype	notype	notype	notype	
0.0000000000	0.0000000000	

Comments: