PB5	19
0.0000000000	0.0000029100	0.0000039100	0.0000049100	0.0000059100	0.0000080000	0.0000100000	0.0000129100	0.0000139100	0.0000149100	0.0000180000	0.0000200000	0.0000229100	0.0000239100	0.0000280000	0.0000300000	0.0000329100	0.0000350000	0.0000380000	
0.0000010000	0.0000000300	0.0000000300	0.0000000300	0.0000000300	0.0000005000	0.0000010000	0.0000000300	0.0000000300	0.0000000300	0.0000005000	0.0000010000	0.0000000300	0.0000000300	0.0000005000	0.0000010000	0.0000000300	0.0000005000	0.0000005000	
0	0	0	0	0	0	0	0	0	0	0	0	0	0	0	0	0	0	0	
notype	T	T	T	T	notype	notype	T	T	T	notype	notype	T	T	notype	notype	T	notype	notype	
0.0000007700	0.0000007700	
PB2	4
0.0000020000	0.0000120000	0.0000220000	0.0000320000	
0.0000001100	0.0000001100	0.0000001100	0.0000001100	
0	0	0	0	
notype	notype	notype	notype	
0.0000000000	0.0000000000	
PB0	5
0.0000080000	0.0000180000	0.0000280000	0.0000350000	0.0000380000	
0.0000003000	0.0000003000	0.0000003000	0.0000003000	0.0000003000	
0	0	0	0	0	
notype	notype	notype	notype	notype	
0.0000000000	0.0000000000	
PB10	1
0.0000000000	
0.0000400000	
0	
notype	
0.0000000000	0.0000000000	

Comments: