PB6	10
0.0000000000	0.0000039950	0.0000040000	0.0000104950	0.0000135000	0.0000199950	0.0000200000	0.0000264950	0.0000295000	0.0000360000	
0.0000005000	0.0000000025	0.0000025000	0.0000000025	0.0000025000	0.0000000025	0.0000025000	0.0000000025	0.0000025000	0.0000025000	
0	0	0	0	0	0	0	0	0	0	
notype	notype	notype	notype	notype	T	notype	T	notype	notype	
0.0000007850	0.0000007850	
PB0	7
0.0000040025	0.0000060000	0.0000135025	0.0000200025	0.0000295025	0.0000360025	0.0000380000	
0.0000000300	0.0000000300	0.0000000300	0.0000000300	0.0000000300	0.0000002500	0.0000002500	
0	0	0	0	0	0	0	
notype	notype	notype	notype	notype	notype	notype	
0.0000000000	0.0000000000	
PB2	3
0.0000039950	0.0000104950	0.0000359950	
0.0000000025	0.0000000025	0.0000000025	
0	0	0	
T	T	T	
0.0000001675	0.0000001675	
PB3	5
0.0000040000	0.0000135000	0.0000200000	0.0000295000	0.0000360000	
0.0000025000	0.0000025000	0.0000025000	0.0000025000	0.0000025000	
0	0	0	0	0	
notype	notype	notype	notype	notype	
0.0000005525	0.0000005525	

Comments: