PB5	4
0.0000000000	0.0000703800	0.0001600000	0.0002500000	
0.0000050000	0.0000005000	0.0000005000	0.0000005000	
0	0	0	0	
notype	notype	notype	notype	
0.0000000000	0.0000000000	
PB3	6
0.0000447100	0.0001200000	0.0002100000	0.0002950975	0.0003000000	0.0003098025	
0.0000098000	0.0000098000	0.0000098000	0.0000049000	0.0000098000	0.0000049000	
0	0	0	0	0	0	
notype	notype	notype	notype	T	T	
0.0000000000	0.0000000000	
PB4	3
0.0000300000	0.0001000000	0.0001900000	
0.0000008700	0.0000008700	0.0000008700	
0	0	0	
notype	notype	notype	
0.0000000875	0.0000000875	
PB0	1
0.0006006700	
0.0000002000	
0	
notype	
0.0000007700	0.0000007700	
PB7	1
0.0004006700	
0.0000000100	
0	
notype	
0.0000000000	0.0000000000	
PB8	1
0.0005006700	
0.0000000100	
0	
notype	
0.0000000000	0.0000000000	
PB6	1
0.0000000000	
0.0001000000	
0	
notype	
0.0000000000	0.0000000000	

Comments: