PB0	3
0.0000100000	0.0000921000	0.0000951000	
0.0000002000	0.0000002000	0.0000002000	
0	0	0	
notype	notype	notype	
0.0000000000	0.0000000000	
PB5	5
0.0000000000	0.0000100000	0.0000120000	0.0000921000	0.0000951000	
0.0000010000	0.0000010000	0.0000010000	0.0000010000	0.0000010000	
0	0	0	0	0	
notype	notype	notype	notype	notype	
0.0000007700	0.0000007700	
PB4	4
0.0000040000	0.0000149700	0.0000515000	0.0000880525	
0.0000000750	0.0000000375	0.0000000750	0.0000000475	
0	0	0	0	
notype	notype	notype	notype	
0.0000000875	0.0000000875	
PB3	2
0.0000245000	0.0000585500	
0.0000200000	0.0000200000	
0	0	
Tau	Tau	
0.0000000000	0.0000000000	
PB10	1
0.0000000000	
0.0003000000	
0	
notype	
0.0000000000	0.0000000000	

Comments: