PB5	20
0.0000010000	0.0000310000	0.0000510000	0.0000710000	0.0001110000	0.0001210000	0.0001510000	0.0001710000	0.0001910000	0.0002310000	0.0002410000	0.0002710000	0.0002910000	0.0003110000	0.0003510000	0.0003610000	0.0003910000	0.0004110000	0.0004310000	0.0004710000	
0.0000050000	0.0000003000	0.0000003000	0.0000003000	0.0000010000	0.0000050000	0.0000003000	0.0000003000	0.0000003000	0.0000010000	0.0000050000	0.0000003000	0.0000003000	0.0000003000	0.0000010000	0.0000050000	0.0000003000	0.0000003000	0.0000003000	0.0000010000	
0	0	0	0	0	0	0	0	0	0	0	0	0	0	0	0	0	0	0	0	
notype	notype	notype	notype	notype	notype	notype	notype	notype	notype	notype	notype	notype	notype	notype	notype	notype	notype	notype	notype	
0.0000007700	0.0000007700	
PB13	20
0.0000210000	0.0000410000	0.0000610000	0.0000810000	0.0000910000	0.0001410000	0.0001610000	0.0001810000	0.0002010000	0.0002110000	0.0002610000	0.0002810000	0.0003010000	0.0003210000	0.0003310000	0.0003810000	0.0004010000	0.0004210000	0.0004410000	0.0004510000	
0.0000018000	0.0000018000	0.0000018000	0.0000009000	0.0000027000	0.0000018000	0.0000018000	0.0000018000	0.0000009000	0.0000009000	0.0000018000	0.0000018000	0.0000018000	0.0000009000	0.0000027000	0.0000018000	0.0000018000	0.0000018000	0.0000009000	0.0000009000	
0	0	0	0	0	0	0	0	0	0	0	0	0	0	0	0	0	0	0	0	
sweep	sweep	sweep	sweep	sweep	sweep	sweep	sweep	sweep	sweep	sweep	sweep	sweep	sweep	sweep	sweep	sweep	sweep	sweep	sweep	
0.0000000000	0.0000000000	
PB2	16
0.0000110000	0.0000360000	0.0000560000	0.0001060000	0.0001310000	0.0001560000	0.0001760000	0.0002260000	0.0002510000	0.0002760000	0.0002960000	0.0003460000	0.0003710000	0.0003960000	0.0004160000	0.0004660000	
0.0000008500	0.0000008500	0.0000008500	0.0000008500	0.0000008500	0.0000008500	0.0000008500	0.0000008500	0.0000008500	0.0000008500	0.0000008500	0.0000008500	0.0000008500	0.0000008500	0.0000008500	0.0000008500	
0	0	0	0	0	0	0	0	0	0	0	0	0	0	0	0	
notype	notype	notype	notype	notype	notype	notype	notype	notype	notype	notype	notype	notype	notype	notype	notype	
0.0000000875	0.0000000875	
PB0	4
0.0001110000	0.0002310000	0.0003510000	0.0004710000	
0.0000003000	0.0000003000	0.0000003000	0.0000003000	
0	0	0	0	
notype	notype	notype	notype	
0.0000000000	0.0000000000	
PB3	1
0.0000010000	
0.0010000000	
0	
notype	
0.0000000000	0.0000000000	
PB10	2
0.0000810000	0.0002010000	
0.0000100000	0.0000100000	
0	0	
notype	notype	
0.0000000000	0.0000000000	
PB4	2
0.0000860000	0.0002060000	
0.0000001150	0.0000001150	
0	0	
notype	notype	
0.0000000000	0.0000000000	
PB17	1
0.0000010000	
0.0000010000	
0	
notype	
0.0000000000	0.0000000000	

Comments: