PB5	2
0.0000000000	0.0003500000	
0.0000050000	0.0000005000	
0	0	
notype	notype	
0.0000000000	0.0000000000	
PB3	1
0.0000447100	
0.0002000000	
0	
notype	
0.0000000000	0.0000000000	
PB4	1
0.0007300000	
0.0000008700	
0	
notype	
0.0000000875	0.0000000875	
PB0	1
0.0008000000	
0.0000002000	
0	
notype	
0.0000007700	0.0000007700	
PB7	1
0.0005005000	
0.0000000100	
0	
notype	
0.0000000000	0.0000000000	
PB8	1
0.0006005000	
0.0000000100	
0	
notype	
0.0000000000	0.0000000000	
PB6	1
0.0000000000	
0.0050000000	
0	
notype	
0.0000000000	0.0000000000	

Comments: