PB0	3
0.0000055000	0.0001190000	0.0001220000	
0.0000002000	0.0000002000	0.0000002000	
0	0	0	
notype	notype	notype	
0.0000000000	0.0000000000	
PB5	4
0.0000055000	0.0001140000	0.0001190000	0.0001220000	
0.0000002000	0.0000002000	0.0000002000	0.0000002000	
0	0	0	0	
notype	notype	notype	notype	
0.0000007700	0.0000007700	
PB2	3
0.0000020000	0.0000075000	0.0001160000	
0.0000013000	0.0000013000	0.0000013000	
0	0	0	
notype	notype	notype	
0.0000000000	0.0000000000	
PB7	1
0.0000000000	
0.0000000000	
0	
notype	
0.0000000000	0.0000000000	
PB3	1
0.0000105000	
0.0001000000	
0	
notype	
0.0000000000	0.0000000000	

Comments: