PB5	4
0.0000050000	0.0000100000	0.0000110000	0.0000560000	
0.0000002000	0.0000002000	0.0000200000	0.0000002000	
0	0	0	0	
notype	notype	notype	notype	
0.0000000000	0.0000000000	
PB3	1
0.0000040000	
0.0000001900	
0	
notype	
0.0000000000	0.0000000000	
PB4	2
0.0000010000	0.0000060000	
0.0000012000	0.0000012000	
0	0	
notype	notype	
0.0000000875	0.0000000875	
PB0	2
0.0000100000	0.0000560000	
0.0000002000	0.0000002000	
0	0	
notype	notype	
0.0000007700	0.0000007700	
PB12	1
0.0000000000	
0.0000600000	
0	
notype	
0.0000000000	0.0000000000	

Comments: