PB5	3
0.0000020000	0.0000670000	0.0001330000	
0.0000030000	0.0000030000	0.0000030000	
0	0	0	
notype	notype	notype	
0.0000007500	0.0000007500	
PB2	2
0.0000010000	0.0001320000	
0.0000000500	0.0000000500	
0	0	
notype	notype	
0.0000000000	0.0000000000	
PB0	3
0.0000020000	0.0000670000	0.0001330000	
0.0000003500	0.0000003500	0.0000003500	
0	0	0	
readout	readout	readout	
0.0000000000	0.0000000000	
PB6	3
0.0000060000	0.0000710000	0.0001370000	
0.0000600000	0.0000600000	0.0000600000	
0	0	0	
notype	notype	notype	
0.0000000000	0.0000000000	

Comments: