PB6	2
0.0000191000	0.0000221000	
0.0000003250	0.0000003250	
0	0	
meas	meas	
0.0000000000	0.0000000000	
PB7	2
0.0000185000	0.0000215000	
0.0000003250	0.0000003250	
0	0	
meas	meas	
0.0000000000	0.0000000000	
PB3	1
0.0000041100	
0.0000050000	
0	
w	
0.0000004400	0.0000004400	
PB2	3
0.0000040000	0.0000183000	0.0000213000	
0.0000001000	0.0000001000	0.0000001000	
90	0	0	
t	t	t	
0.0000004400	0.0000004400	
PB5	4
0.0000000000	0.0000092000	0.0000185000	0.0000215000	
0.0000030000	0.0000020000	0.0000015000	0.0000015000	
0	0	0	0	
notype	notype	notype	notype	
0.0000010200	0.0000007600	
PB4	1
0.0000205000	
0.0000015000	
0	
notype	
0.0000000000	0.0000000000	

Comments: