PB5	2
0.0000010000	0.0004700000	
0.0000001700	0.0000002000	
0	0	
notype	notype	
0.0000000000	0.0000000000	
PB3	4
0.0001003000	0.0006300000	0.0107500000	0.0209900000	
0.0002400000	0.0001200000	0.0002400000	0.0001200000	
0	0	0	0	
notype	notype	tau	tau	
0.0000000000	0.0000000000	
PB2	1
0.0000039700	
0.0000013000	
0	
notype	
0.0000000875	0.0000000875	
PB0	1
0.0241000000	
0.0000002000	
0	
notype	
0.0000007700	0.0000007700	
PB7	1
0.0235000000	
0.0000001000	
0	
notype	
0.0000000000	0.0000000000	
PB8	1
0.0238000000	
0.0000001000	
0	
notype	
0.0000000000	0.0000000000	

Comments: