PB5	5
0.0000000000	0.0000715300	0.0001623000	0.0002534500	0.0004500000	
0.0000050000	0.0000005000	0.0000005000	0.0000005000	0.0000005000	
0	0	0	0	0	
notype	notype	notype	notype	notype	
0.0000000000	0.0000000000	
PB3	4
0.0000446600	0.0001211000	0.0002122500	0.0003750000	
0.0000110000	0.0000110000	0.0000110000	0.0000110000	
0	0	0	0	
notype	notype	notype	notype	
0.0000000000	0.0000000000	
PB4	4
0.0000300000	0.0001011500	0.0001923000	0.0003250000	
0.0000007000	0.0000007000	0.0000007000	0.0000007000	
0	0	0	0	
notype	notype	notype	notype	
0.0000000875	0.0000000875	
PB7	1
0.0008034500	
0.0000000100	
0	
notype	
0.0000000000	0.0000000000	
PB8	1
0.0009034500	
0.0000000100	
0	
notype	
0.0000000000	0.0000000000	
PB6	1
0.0000000000	
0.0010000000	
0	
notype	
0.0000000000	0.0000000000	
PB0	1
0.0009784500	
0.0000002000	
0	
notype	
0.0000000000	0.0000000000	
PB10	1
0.0003000000	
0.0000500000	
0	
notype	
0.0000000000	0.0000000000	

Comments: