PB0	3
0.0000096800	0.0000156800	0.0000236800	
0.0000002700	0.0000002700	0.0000002700	
0	0	0	
t	t	t	
0.0000000000	0.0000000000	
PB5	1
0.0000000000	
0.0000030000	
0	
notype	
0.0000005200	0.0000005450	
PB2	3
0.0000053200	0.0000076800	0.0000216800	
0.0000002000	0.0000000100	0.0000000100	
0	0	0	
notype	m	m	
0.0000001550	0.0000001550	
PB6	4
0.0000053000	0.0000096800	0.0000156800	0.0000236800	
0.0000002400	0.0000030000	0.0000030000	0.0000030000	
0	0	0	0	
notype	notype	notype	notype	
0.0000008475	0.0000007725	

Comments: