PB5	10
0.0000000000	0.0000900000	0.0001800000	0.0002700000	0.0003600000	0.0004500000	0.0005400000	0.0006300000	0.0007200000	0.0016000000	
0.0000050000	0.0000005000	0.0000005000	0.0000005000	0.0000005000	0.0000005000	0.0000005000	0.0000005000	0.0000005000	0.0000005000	
0	0	0	0	0	0	0	0	0	0	
notype	notype	notype	notype	notype	notype	notype	notype	notype	notype	
0.0000000000	0.0000000000	
PB12	5
0.0000600000	0.0002400000	0.0004200000	0.0006000000	0.0015000000	
0.0000075000	0.0000075000	0.0000075000	0.0000075000	0.0000075000	
0	0	0	0	0	
notype	notype	notype	notype	notype	
0.0000000000	0.0000000000	
PB4	11
0.0000300000	0.0001200000	0.0002100000	0.0003000000	0.0003900000	0.0004800000	0.0005700000	0.0006600000	0.0009999575	0.0011999600	0.0014000000	
0.0000006000	0.0000006000	0.0000006000	0.0000006000	0.0000006000	0.0000006000	0.0000006000	0.0000006000	0.0000000425	0.0000000850	0.0000000425	
0	0	0	0	0	0	0	0	0	0	0	
notype	notype	notype	notype	notype	notype	notype	notype	notype	notype	notype	
0.0000000875	0.0000000875	
PB7	1
0.0018000000	
0.0000000100	
0	
notype	
0.0000000000	0.0000000000	
PB0	1
0.0020000000	
0.0000000100	
0	
notype	
0.0000000000	0.0000000000	
PB10	1
0.0009000000	
0.0006000000	
0	
notype	
0.0000000000	0.0000000000	
PB3	2
0.0010050000	0.0012050000	
0.0000700000	0.0000700000	
0	0	
meas	meas	
0.0000000000	0.0000000000	
PB13	4
0.0001500000	0.0003300000	0.0005100000	0.0006900000	
0.0000085000	0.0000085000	0.0000085000	0.0000085000	
0	0	0	0	
notype	notype	notype	notype	
0.0000000000	0.0000000000	

Comments: