PB0	8
0.0000123450	0.0000183150	0.0000283450	0.0000343150	0.0000453325	0.0000513325	0.0000643325	0.0000703325	
0.0000002700	0.0000002700	0.0000002700	0.0000002700	0.0000002700	0.0000002700	0.0000002700	0.0000002700	
0	0	0	0	0	0	0	0	
t	t	t	t	t	t	t	t	
0.0000000000	0.0000000000	
PB5	7
0.0000000000	0.0000123450	0.0000183150	0.0000283450	0.0000343150	0.0000643325	0.0000703325	
0.0000030000	0.0000030000	0.0000030000	0.0000030000	0.0000030000	0.0000030000	0.0000030000	
0	0	0	0	0	0	0	
notype	notype	notype	notype	notype	notype	notype	
0.0000005200	0.0000005450	
PB2	4
0.0000063000	0.0000256575	0.0000423150	0.0000583325	
0.0000000175	0.0000000175	0.0000000175	0.0000001900	
0	0	0	0	
m	m	m	notype	
0.0000001550	0.0000001550	
PB6	7
0.0000063000	0.0000084575	0.0000256575	0.0000423150	0.0000453325	0.0000513325	0.0000593325	
0.0000000275	0.0000010000	0.0000000275	0.0000000275	0.0000030000	0.0000030000	0.0000000275	
0	0	0	0	0	0	0	
m	notype	m	m	notype	notype	m	
0.0000008475	0.0000007725	

Comments: