PB5	4
0.0000010900	0.0000060000	0.0000090000	0.0000140000	
0.0000010000	0.0000010000	0.0000010000	0.0000010000	
0	0	0	0	
notype	notype	notype	notype	
0.0000007700	0.0000007700	
PB2	4
0.0000029525	0.0000039525	0.0000050000	0.0000120000	
0.0000000475	0.0000001075	0.0000000475	0.0000001075	
0	0	0	0	
notype	T	T	notype	
0.0000000000	0.0000000000	
PB0	3
0.0000060000	0.0000090000	0.0000140000	
0.0000003000	0.0000003000	0.0000003000	
0	0	0	
notype	notype	notype	
0.0000000000	0.0000000000	
PB10	1
0.0000000000	
0.0000200000	
0	
notype	
0.0000000000	0.0000000000	

Comments: