PB0	3
0.0000394100	0.0000443800	0.0000533800	
0.0000002700	0.0000002700	0.0000002700	
0	0	0	
notype	notype	notype	
0.0000000000	0.0000000000	
PB5	4
0.0000000000	0.0000394100	0.0000443800	0.0000533800	
0.0000040000	0.0000020000	0.0000020000	0.0000020000	
0	0	0	0	
notype	notype	notype	notype	
0.0000005200	0.0000005450	
PB2	4
0.0000050250	0.0000190250	0.0000330250	0.0000483800	
0.0000000350	0.0000000700	0.0000000350	0.0000000700	
0	0	0	0	
notype	t	t	notype	
0.0000000875	0.0000000875	
PB6	2
0.0000354450	0.0000493800	
0.0000000000	0.0000000000	
0	0	
notype	notype	
0.0000008800	0.0000009550	
PB7	1
0.0000050250	
0.0000010000	
0	
notype	
0.0000000000	0.0000000000	
PB8	1
0.0000000000	
0.0000560100	
0	
notype	
0.0000000000	0.0000000000	

Comments: