PB5	9
0.0000000000	0.0000900000	0.0001800000	0.0002700000	0.0003600000	0.0004500000	0.0005400000	0.0006300000	0.0007200000	
0.0000050000	0.0000005000	0.0000005000	0.0000005000	0.0000005000	0.0000005000	0.0000005000	0.0000005000	0.0000005000	
0	0	0	0	0	0	0	0	0	
notype	notype	notype	notype	notype	notype	notype	notype	notype	
0.0000000000	0.0000000000	
PB11	5
0.0000600000	0.0002400000	0.0004200000	0.0006000000	0.0016000000	
0.0000070000	0.0000070000	0.0000070000	0.0000070000	0.0000070000	
0	0	0	0	0	
notype	notype	notype	notype	notype	
0.0000000000	0.0000000000	
PB4	11
0.0000300000	0.0001200000	0.0002100000	0.0003000000	0.0003900000	0.0004800000	0.0005700000	0.0006600000	0.0009999550	0.0010899225	0.0011799225	
0.0000006500	0.0000006500	0.0000006500	0.0000006500	0.0000006500	0.0000006500	0.0000006500	0.0000006500	0.0000000450	0.0000000900	0.0000000450	
0	0	0	0	0	0	0	0	0	0	0	
notype	notype	notype	notype	notype	notype	notype	notype	notype	notype	notype	
0.0000000000	0.0000000000	
PB7	1
0.0018000000	
0.0000000100	
0	
notype	
0.0000000000	0.0000000000	
PB0	1
0.0019000000	
0.0000000100	
0	
notype	
0.0000000000	0.0000000000	
PB10	1
0.0009000000	
0.0004000000	
0	
notype	
0.0000000000	0.0000000000	
PB13	1
0.0009788050	
0.0003000000	
0	
c13	
0.0000002500	0.0000002500	
PB12	4
0.0001500000	0.0003300000	0.0005100000	0.0006900000	
0.0000090000	0.0000090000	0.0000090000	0.0000090000	
0	0	0	0	
notype	notype	notype	notype	
0.0000000000	0.0000000000	
PB3	1
0.0000000000	
0.0020000000	
0	
notype	
0.0000000000	0.0000000000	

Comments: