PB6	3
0.0000000000	0.0000009975	0.0000049975	
0.0000005000	0.0000020000	0.0000020000	
0	0	0	
notype	notype	notype	
0.0000007850	0.0000007850	
PB0	4
0.0000030050	0.0000040025	0.0000070050	0.0000080000	
0.0000000500	0.0000000500	0.0000000500	0.0000000500	
0	0	0	0	
notype	notype	notype	notype	
0.0000000000	0.0000000000	
PB2	1
0.0000009975	
0.0000020000	
0	
notype	
-0.0000000850	-0.0000000850	
PB5	2
0.0000030000	0.0000070000	
0.0000015000	0.0000015000	
0	0	
T	T	
0.0000005525	0.0000005525	

Comments: