PB5	6
0.0000300000	0.0000470000	0.0001190000	0.0001360000	0.0002430000	0.0002600000	
0.0000100000	0.0000100000	0.0000100000	0.0000100000	0.0000100000	0.0000100000	
0	0	0	0	0	0	
notype	notype	notype	notype	notype	notype	
0.0000007500	0.0000007500	
PB2	6
0.0000050000	0.0000640000	0.0000940000	0.0001580000	0.0001880000	0.0002180000	
0.0000200000	0.0000200000	0.0000200000	0.0000200000	0.0000200000	0.0000200000	
0	0	0	0	0	0	
notype	notype	notype	notype	notype	notype	
0.0000000000	0.0000000000	
PB0	6
0.0000300000	0.0000470000	0.0001190000	0.0001360000	0.0002430000	0.0002600000	
0.0000003500	0.0000003500	0.0000003500	0.0000003500	0.0000003500	0.0000003500	
0	0	0	0	0	0	
readout	readout	readout	readout	readout	readout	
0.0000000000	0.0000000000	
PB15	1
0.0000000000	
0.0003000000	
0	
notype	
0.0000000000	0.0000000000	
PB4	6
0.0000050000	0.0000640000	0.0000940000	0.0001580000	0.0001880000	0.0002180000	
0.0000010000	0.0000010000	0.0000010000	0.0000010000	0.0000010000	0.0000010000	
0	0	0	0	0	0	
notype	notype	notype	notype	notype	notype	
0.0000000000	0.0000000000	

Comments: