PB6	21
0.0000109000	0.0000133240	0.0000163240	0.0000193240	0.0000223240	0.0000253240	0.0000283240	0.0000313240	0.0000343240	0.0000373240	0.0000403240	0.0000433240	0.0000463240	0.0000493240	0.0000523240	0.0000553240	0.0000583240	0.0000613240	0.0000643240	0.0000673240	0.0000703240	
0.0000003240	0.0000003250	0.0000003250	0.0000003250	0.0000003250	0.0000003250	0.0000003250	0.0000003250	0.0000003250	0.0000003250	0.0000003250	0.0000003250	0.0000003250	0.0000003250	0.0000003250	0.0000003250	0.0000003250	0.0000003250	0.0000003250	0.0000003250	0.0000003250	
0	0	0	0	0	0	0	0	0	0	0	0	0	0	0	0	0	0	0	0	0	
meas	meas	meas	meas	meas	meas	meas	meas	meas	meas	meas	meas	meas	meas	meas	meas	meas	meas	meas	meas	meas	
0.0000000000	0.0000000000	
PB7	21
0.0000104000	0.0000127240	0.0000157240	0.0000187240	0.0000217240	0.0000247240	0.0000277240	0.0000307240	0.0000337240	0.0000367240	0.0000397240	0.0000427240	0.0000457240	0.0000487240	0.0000517240	0.0000547240	0.0000577240	0.0000607240	0.0000637240	0.0000667240	0.0000697240	
0.0000003250	0.0000003250	0.0000003250	0.0000003250	0.0000003250	0.0000003250	0.0000003250	0.0000003250	0.0000003250	0.0000003250	0.0000003250	0.0000003250	0.0000003250	0.0000003250	0.0000003250	0.0000003250	0.0000003250	0.0000003250	0.0000003250	0.0000003250	0.0000003250	
0	0	0	0	0	0	0	0	0	0	0	0	0	0	0	0	0	0	0	0	0	
meas	meas	meas	meas	meas	meas	meas	meas	meas	meas	meas	meas	meas	meas	meas	meas	meas	meas	meas	meas	meas	
0.0000000000	0.0000000000	
PB3	1
0.0000041100	
0.0000050000	
0	
w	
0.0000004400	0.0000004400	
PB2	21
0.0000040000	0.0000125240	0.0000155240	0.0000185240	0.0000215240	0.0000245240	0.0000275240	0.0000305240	0.0000335240	0.0000365240	0.0000395240	0.0000425240	0.0000455240	0.0000485240	0.0000515240	0.0000545240	0.0000575240	0.0000605240	0.0000635240	0.0000665240	0.0000695240	
0.0000001000	0.0000001000	0.0000001000	0.0000001000	0.0000001000	0.0000001000	0.0000001000	0.0000001000	0.0000001000	0.0000001000	0.0000001000	0.0000001000	0.0000001000	0.0000001000	0.0000001000	0.0000001000	0.0000001000	0.0000001000	0.0000001000	0.0000001000	0.0000001000	
90	0	0	0	0	0	0	0	0	0	0	0	0	0	0	0	0	0	0	0	0	
t	t	t	t	t	t	t	t	t	t	t	t	t	t	t	t	t	t	t	t	t	
0.0000004400	0.0000004400	
PB5	22
0.0000000000	0.0000092000	0.0000127240	0.0000157240	0.0000187240	0.0000217240	0.0000247240	0.0000277240	0.0000307240	0.0000337240	0.0000367240	0.0000397240	0.0000427240	0.0000457240	0.0000487240	0.0000517240	0.0000547240	0.0000577240	0.0000607240	0.0000637240	0.0000667240	0.0000697240	
0.0000030000	0.0000002000	0.0000015000	0.0000015000	0.0000015000	0.0000015000	0.0000015000	0.0000015000	0.0000015000	0.0000015000	0.0000015000	0.0000015000	0.0000015000	0.0000015000	0.0000015000	0.0000015000	0.0000015000	0.0000015000	0.0000015000	0.0000015000	0.0000015000	0.0000015000	
0	0	0	0	0	0	0	0	0	0	0	0	0	0	0	0	0	0	0	0	0	0	
notype	notype	notype	notype	notype	notype	notype	notype	notype	notype	notype	notype	notype	notype	notype	notype	notype	notype	notype	notype	notype	notype	
0.0000010500	0.0000010500	
PB4	1
0.0000100000	
0.0000001000	
0	
mw	
0.0000000000	0.0000000000	

Comments: