PB5	5
0.0000000000	0.0000029400	0.0000049400	0.0000083800	0.0000103800	
0.0000005000	0.0000005000	0.0000005000	0.0000005000	0.0000005000	
0	0	0	0	0	
notype	T	T	T	T	
0.0000007700	0.0000007700	
PB2	4
0.0000015000	0.0000026000	0.0000069400	0.0000080400	
0.0000000100	0.0000000100	0.0000000100	0.0000000100	
0	0	0	0	
notype	rabi	notype	rabi	
0.0000000000	0.0000000000	
PB0	4
0.0000029400	0.0000049400	0.0000083800	0.0000103800	
0.0000003000	0.0000003000	0.0000003000	0.0000003000	
0	0	0	0	
notype	notype	notype	notype	
0.0000000000	0.0000000000	
PB10	1
0.0000075000	
0.0000020000	
0	
notype	
0.0000000000	0.0000000000	

Comments: