PB5	4
0.0000000000	0.0000029550	0.0000056550	0.0000099925	
0.0000005000	0.0000007000	0.0000007000	0.0000007000	
0	0	0	0	
notype	notype	notype	notype	
0.0000007700	0.0000007700	
PB2	6
0.0000015000	0.0000079750	0.0000080100	0.0000081325	0.0000082550	0.0000083650	
0.0000000500	0.0000000250	0.0000001000	0.0000001000	0.0000001000	0.0000000250	
0	0	0	0	0	0	
notype	notype	echo	echo	echo	echo	
0.0000000000	0.0000000000	
PB0	3
0.0000029550	0.0000056550	0.0000099925	
0.0000003000	0.0000003000	0.0000003000	
0	0	0	
notype	notype	notype	
0.0000000000	0.0000000000	
PB17	1
0.0000000000	
0.0000120000	
0	
notype	
0.0000000000	0.0000000000	
PB19	2
0.0000081150	0.0000082450	
0.0000000050	0.0000000050	
0	0	
echo	echo	
0.0000000000	0.0000000000	

Comments: