PB5	15
0.0000000000	0.0000715300	0.0001623000	0.0002534500	0.0008950000	0.0012700000	0.0014200000	0.0015700000	0.0019200000	0.0020700000	0.0022200000	0.0027700000	0.0029200000	0.0030700000	0.0037400100	
0.0000050000	0.0000005000	0.0000005000	0.0000005000	0.0000005000	0.0000005000	0.0000005000	0.0000005000	0.0000005000	0.0000005000	0.0000005000	0.0000005000	0.0000005000	0.0000005000	0.0000005000	
0	0	0	0	0	0	0	0	0	0	0	0	0	0	0	
notype	notype	notype	notype	notype	notype	notype	notype	notype	notype	notype	notype	notype	notype	notype	
0.0000000000	0.0000000000	
PB12	15
0.0000446600	0.0001211000	0.0002122500	0.0008200000	0.0012200000	0.0013700000	0.0015200000	0.0018700000	0.0020200000	0.0021700000	0.0024200000	0.0027200000	0.0028700000	0.0030200000	0.0036400100	
0.0000080000	0.0000080000	0.0000080000	0.0000080000	0.0000080000	0.0000080000	0.0000080000	0.0000080000	0.0000080000	0.0000080000	0.0000080000	0.0000080000	0.0000080000	0.0000080000	0.0000080000	
0	0	0	0	0	0	0	0	0	0	0	0	0	0	0	
notype	notype	notype	notype	notype	notype	notype	notype	notype	notype	notype	notype	notype	notype	notype	
0.0000000000	0.0000000000	
PB4	19
0.0000300000	0.0001011500	0.0001923000	0.0004999625	0.0005099625	0.0005200000	0.0011700000	0.0013200000	0.0014700000	0.0018200000	0.0019700000	0.0021200000	0.0026700000	0.0028200000	0.0029700000	0.0033196250	0.0033296300	0.0033400100	0.0034400100	
0.0000007000	0.0000007000	0.0000007000	0.0000000375	0.0000000750	0.0000000375	0.0000007000	0.0000007000	0.0000007000	0.0000007000	0.0000007000	0.0000007000	0.0000007000	0.0000007000	0.0000007000	0.0000003750	0.0000007500	0.0000003750	0.0000007500	
0	0	0	0	0	0	0	0	0	0	0	0	0	0	0	0	0	0	0	
notype	notype	notype	notype	topo	topo	notype	notype	notype	notype	notype	notype	notype	notype	notype	notype	topo	topo	notype	
0.0000000875	0.0000000875	
PB7	4
0.0010200000	0.0017200000	0.0025200000	0.0038500000	
0.0000000100	0.0000000100	0.0000000100	0.0000000100	
0	0	0	0	
notype	notype	notype	notype	
0.0000000000	0.0000000000	
PB0	1
0.0044400100	
0.0000000100	
0	
notype	
0.0000000000	0.0000000000	
PB10	2
0.0004000000	0.0032200000	
0.0005000000	0.0005000000	
0	0	
notype	notype	
0.0000000000	0.0000000000	

Comments: