PB5	4
0.0000050000	0.0003300000	0.0005500000	0.0008750000	
0.0000010000	0.0000010000	0.0000010000	0.0000010000	
0	0	0	0	
notype	notype	notype	notype	
0.0000007700	0.0000007700	
PB2	7
0.0000000000	0.0000500000	0.0001559700	0.0002620000	0.0005950000	0.0007009700	0.0008070000	
0.0000000500	0.0000000500	0.0000001100	0.0000000500	0.0000000500	0.0000001100	0.0000001700	
0	0	0	0	0	0	0	
rab	rab	t2	t2	rab	t2	t2	
0.0000000000	0.0000000000	
PB0	2
0.0003300000	0.0008750000	
0.0000003000	0.0000003000	
0	0	
notype	notype	
0.0000000000	0.0000000000	
PB10	1
0.0000000000	
0.0010000000	
0	
notype	
0.0000000000	0.0000000000	
PB3	1
0.0000000000	
0.0010000000	
0	
notype	
0.0000000000	0.0000000000	
PB17	1
0.0000000000	
0.0000000500	
0	
notype	
0.0000000000	0.0000000000	
PB13	4
0.0000550000	0.0001609700	0.0006000000	0.0007059700	
0.0000800000	0.0000800000	0.0000800000	0.0000800000	
0	0	0	0	
notype	notype	notype	notype	
0.0000000000	0.0000000000	

Comments: