PB6	5
0.0000000000	0.0000038950	0.0000105925	0.0000201900	0.0000269375	
0.0000005000	0.0000002500	0.0000002500	0.0000002500	0.0000002500	
0	0	0	0	0	
notype	notype	notype	T	T	
0.0000007850	0.0000007850	
PB0	7
0.0000041500	0.0000061475	0.0000137975	0.0000204450	0.0000300925	0.0000370925	0.0000440925	
0.0000000300	0.0000000300	0.0000000300	0.0000000300	0.0000000300	0.0000000300	0.0000000300	
0	0	0	0	0	0	0	
notype	notype	notype	notype	notype	notype	notype	
0.0000000000	0.0000000000	
PB2	4
0.0000039450	0.0000106425	0.0000360900	0.0000435900	
0.0000001500	0.0000001500	0.0000001500	0.0000000500	
0	0	0	0	
T	T	T	T	
0.0000001675	0.0000001675	
PB5	6
0.0000041475	0.0000137950	0.0000204425	0.0000300900	0.0000370900	0.0000440900	
0.0000025000	0.0000025000	0.0000025000	0.0000025000	0.0000025000	0.0000025000	
0	0	0	0	0	0	
notype	notype	notype	notype	notype	notype	
0.0000005725	0.0000005725	
PB3	1
0.0000410000	
0.0000055000	
0	
notype	
0.0000000000	0.0000000000	

Comments: