PB5	8
0.0000050000	0.0003700000	0.0005900000	0.0009550000	0.0010050000	0.0013700000	0.0015900000	0.0019550000	
0.0000010000	0.0000010000	0.0000010000	0.0000010000	0.0000010000	0.0000010000	0.0000010000	0.0000010000	
0	0	0	0	0	0	0	0	
notype	notype	notype	notype	notype	notype	notype	notype	
0.0000007700	0.0000007700	
PB2	14
0.0000000000	0.0000500000	0.0001759700	0.0003020000	0.0006350000	0.0007609700	0.0008870000	0.0010000000	0.0010500000	0.0011759700	0.0013020000	0.0016350000	0.0017609700	0.0018870000	
0.0000000500	0.0000000500	0.0000001100	0.0000000500	0.0000000500	0.0000001100	0.0000001700	0.0000000500	0.0000000500	0.0000001100	0.0000000500	0.0000000500	0.0000001100	0.0000001700	
0	0	0	0	0	0	0	0	0	0	0	0	0	0	
rab	rab	t2	t2	rab	t2	t2	rab	rab	t2	t2	rab	t2	t2	
0.0000000000	0.0000000000	
PB0	4
0.0003700000	0.0009550000	0.0013700000	0.0019550000	
0.0000003000	0.0000003000	0.0000003000	0.0000003000	
0	0	0	0	
notype	notype	notype	notype	
0.0000000000	0.0000000000	
PB10	1
0.0000000000	
0.0020000000	
0	
notype	
0.0000000000	0.0000000000	
PB3	1
0.0000000000	
0.0020000000	
0	
notype	
0.0000000000	0.0000000000	
PB17	2
0.0000000000	0.0010000000	
0.0000000500	0.0000000500	
0	0	
notype	notype	
0.0000000000	0.0000000000	
PB13	4
0.0000550000	0.0001800000	0.0006400000	0.0007650000	
0.0000600000	0.0000600000	0.0000600000	0.0000600000	
0	0	0	0	
notype	notype	notype	notype	
0.0000000000	0.0000000000	

Comments: