PB5	5
0.0000000000	0.0000600000	0.0001100000	0.0001602000	0.0002100000	
0.0000050000	0.0000005000	0.0000005000	0.0000005000	0.0000005000	
0	0	0	0	0	
notype	notype	notype	notype	notype	
0.0000000000	0.0000000000	
PB3	4
0.0000300000	0.0000800000	0.0001302000	0.0001800000	
0.0000050000	0.0000100000	0.0000150000	0.0000020000	
0	0	0	0	
notype	notype	notype	notype	
0.0000000000	0.0000000000	
PB4	4
0.0000200000	0.0000700000	0.0001200000	0.0001700000	
0.0000006000	0.0000006000	0.0000006000	0.0000006000	
0	0	0	0	
notype	notype	notype	notype	
0.0000000875	0.0000000875	
PB7	1
0.0002500000	
0.0000000100	
0	
notype	
0.0000000000	0.0000000000	
PB8	1
0.0002700000	
0.0000000100	
0	
notype	
0.0000000000	0.0000000000	
PB6	1
0.0000000000	
0.0003000000	
0	
notype	
0.0000000000	0.0000000000	
PB0	1
0.0002900000	
0.0000002000	
0	
notype	
0.0000000000	0.0000000000	

Comments: