PB5	8
0.0000000000	0.0000701100	0.0001594600	0.0002491900	0.0012102000	0.0012803100	0.0013696600	0.0014593900	
0.0000050000	0.0000005000	0.0000005000	0.0000005000	0.0000050000	0.0000005000	0.0000005000	0.0000005000	
0	0	0	0	0	0	0	0	
notype	notype	notype	notype	notype	notype	notype	notype	
0.0000000000	0.0000000000	
PB3	7
0.0000444400	0.0001194600	0.0002091900	0.0012546400	0.0013296600	0.0014193900	0.0015093900	
0.0000098000	0.0000098000	0.0000098000	0.0000098000	0.0000098000	0.0000098000	0.0000100000	
0	0	0	0	0	0	0	
notype	notype	notype	notype	notype	notype	notype	
0.0000000000	0.0000000000	
PB4	6
0.0000300000	0.0000997300	0.0001894600	0.0012402000	0.0013099300	0.0013996600	
0.0000006000	0.0000006000	0.0000006000	0.0000006000	0.0000006000	0.0000006000	
0	0	0	0	0	0	
notype	notype	notype	notype	notype	notype	
0.0000000875	0.0000000875	
PB0	1
0.0038200000	
0.0000002000	
0	
notype	
0.0000007700	0.0000007700	
PB7	2
0.0010100000	0.0024200000	
0.0000000100	0.0000000100	
0	0	
notype	notype	
0.0000000000	0.0000000000	
PB8	2
0.0011100000	0.0025200000	
0.0000000100	0.0000000100	
0	0	
notype	notype	
0.0000000000	0.0000000000	
PB11	1
0.0000000000	
0.0041000000	
0	
notype	
0.0000000000	0.0000000000	
PB14	2
0.0005000000	0.0019100000	
0.0000100000	0.0000100000	
0	0	
T	T	
0.0000000000	0.0000000000	

Comments: