PB5	8
0.0000000000	0.0000703800	0.0001600000	0.0002500000	0.0007000000	0.0007703800	0.0008600000	0.0009500000	
0.0000050000	0.0000005000	0.0000005000	0.0000005000	0.0000050000	0.0000005000	0.0000005000	0.0000005000	
0	0	0	0	0	0	0	0	
notype	notype	notype	notype	notype	notype	notype	notype	
0.0000000000	0.0000000000	
PB3	9
0.0000447100	0.0001200000	0.0002100000	0.0003000000	0.0007447100	0.0008200000	0.0009100000	0.0010000000	0.0010250000	
0.0000098000	0.0000098000	0.0000098000	0.0000098000	0.0000098000	0.0000098000	0.0000098000	0.0000098000	0.0000098000	
0	0	0	0	0	0	0	0	0	
notype	notype	notype	T	notype	notype	notype	notype	T	
0.0000000000	0.0000000000	
PB4	6
0.0000300000	0.0001000000	0.0001900000	0.0007300000	0.0008000000	0.0008900000	
0.0000008700	0.0000008700	0.0000008700	0.0000008700	0.0000008700	0.0000008700	
0	0	0	0	0	0	
notype	notype	notype	notype	notype	notype	
0.0000000875	0.0000000875	
PB0	2
0.0006006700	0.0013006700	
0.0000002000	0.0000002000	
0	0	
notype	notype	
0.0000007700	0.0000007700	
PB7	2
0.0004006700	0.0011006700	
0.0000000100	0.0000000100	
0	0	
notype	notype	
0.0000000000	0.0000000000	
PB8	2
0.0005006700	0.0012006700	
0.0000000100	0.0000000100	
0	0	
notype	notype	
0.0000000000	0.0000000000	
PB6	1
0.0000000000	
0.0100000000	
0	
notype	
0.0000000000	0.0000000000	

Comments: