PB5	5
0.0000000000	0.0000715300	0.0001623000	0.0002534500	0.0013750000	
0.0000050000	0.0000005000	0.0000005000	0.0000005000	0.0000005000	
0	0	0	0	0	
notype	notype	notype	notype	notype	
0.0000000000	0.0000000000	
PB12	4
0.0000446600	0.0001211000	0.0002122500	0.0013000000	
0.0000120000	0.0000120000	0.0000120000	0.0000120000	
0	0	0	0	
notype	notype	notype	notype	
0.0000000000	0.0000000000	
PB4	6
0.0000300000	0.0001011500	0.0001923000	0.0004999650	0.0006999650	0.0009000000	
0.0000007000	0.0000007000	0.0000007000	0.0000000350	0.0000000700	0.0000000350	
0	0	0	0	0	0	
notype	notype	notype	notype	notype	notype	
0.0000000875	0.0000000875	
PB7	1
0.0015000000	
0.0000000100	
0	
notype	
0.0000000000	0.0000000000	
PB0	1
0.0018000000	
0.0000025000	
0	
notype	
0.0000000000	0.0000000000	
PB10	1
0.0004000000	
0.0007000000	
0	
notype	
0.0000000000	0.0000000000	
PB3	2
0.0005050000	0.0007050000	
0.0000180000	0.0000180000	
0	0	
length	length	
0.0000000000	0.0000000000	
PB8	1
0.0017000000	
0.0000000100	
0	
notype	
0.0000000000	0.0000000000	
PB13	1
0.0000000000	
0.0020000000	
0	
notype	
0.0000000000	0.0000000000	

Comments: