PB5	4
0.0000000000	0.0000450500	0.0000600000	0.0000800000	
0.0000050000	0.0000002000	0.0000010000	0.0000010000	
0	0	0	0	
notype	notype	notype	notype	
0.0000007700	0.0000007700	
PB13	1
0.0000200500	
0.0000080000	
0	
sweep	
0.0000000000	0.0000000000	
PB2	2
0.0000100000	0.0000500500	
0.0000008000	0.0000008000	
0	0	
notype	notype	
0.0000000875	0.0000000875	
PB0	2
0.0000600000	0.0000800000	
0.0000003000	0.0000003000	
0	0	
notype	notype	
0.0000000000	0.0000000000	
PB3	1
0.0000000000	
0.0002500000	
0	
notype	
0.0000000000	0.0000000000	
PB17	1
0.0000000000	
0.0000010000	
0	
notype	
0.0000000000	0.0000000000	

Comments: