PB3	3
0.0000000000	0.0000030050	0.0000085100	
0.0000005000	0.0000025000	0.0000025000	
0	0	0	
notype	notype	notype	
0.0000007850	0.0000007850	
PB0	4
0.0000030075	0.0000050050	0.0000085125	0.0000105100	
0.0000000300	0.0000000300	0.0000000300	0.0000000300	
0	0	0	0	
notype	notype	notype	notype	
0.0000000000	0.0000000000	
PB2	1
0.0000020000	
0.0000000475	
0	
T	
0.0000001675	0.0000001675	
PB5	2
0.0000030050	0.0000085100	
0.0000025000	0.0000025000	
0	0	
notype	notype	
0.0000005725	0.0000005725	

Comments: