PB5	4
0.0000000000	0.0000701100	0.0001594600	0.0002491900	
0.0000050000	0.0000005000	0.0000005000	0.0000005000	
0	0	0	0	
notype	notype	notype	notype	
0.0000000000	0.0000000000	
PB3	4
0.0000444400	0.0001194600	0.0002091900	0.0002991900	
0.0000098000	0.0000098000	0.0000098000	0.0000100000	
0	0	0	0	
notype	notype	notype	notype	
0.0000000000	0.0000000000	
PB4	3
0.0000300000	0.0000997300	0.0001894600	
0.0000006000	0.0000006000	0.0000006000	
0	0	0	
notype	notype	notype	
0.0000000875	0.0000000875	
PB0	1
0.0015900600	
0.0000002000	
0	
notype	
0.0000007700	0.0000007700	
PB7	1
0.0013900600	
0.0000000100	
0	
notype	
0.0000000000	0.0000000000	
PB8	1
0.0014900600	
0.0000000100	
0	
notype	
0.0000000000	0.0000000000	
PB6	1
0.0000000000	
0.0100000000	
0	
notype	
0.0000000000	0.0000000000	

Comments: