PB5	8
0.0000000000	0.0000719300	0.0001631000	0.0002546500	0.0005012000	0.0005731300	0.0006643000	0.0007558500	
0.0000050000	0.0000005000	0.0000005000	0.0000005000	0.0000050000	0.0000005000	0.0000005000	0.0000005000	
0	0	0	0	0	0	0	0	
notype	notype	notype	notype	notype	notype	notype	notype	
0.0000000000	0.0000000000	
PB13	7
0.0000450600	0.0001219000	0.0002134500	0.0003012000	0.0005462600	0.0006231000	0.0007146500	
0.0000070000	0.0000070000	0.0000070000	0.0000070000	0.0000070000	0.0000070000	0.0000070000	
0	0	0	0	0	0	0	
sweep	sweep	sweep	sweep	sweep	sweep	sweep	
0.0000000000	0.0000000000	
PB2	6
0.0000300000	0.0001015500	0.0001931000	0.0005312000	0.0006027500	0.0006943000	
0.0000006500	0.0000006500	0.0000006500	0.0000006500	0.0000006500	0.0000006500	
0	0	0	0	0	0	
notype	notype	notype	notype	notype	notype	
0.0000000875	0.0000000875	
PB7	2
0.0004012000	0.0009024000	
0.0000000100	0.0000000100	
0	0	
notype	notype	
0.0000000000	0.0000000000	
PB3	1
0.0000000000	
0.0020000000	
0	
notype	
0.0000000000	0.0000000000	
PB0	1
0.0010774000	
0.0000002000	
0	
notype	
0.0000000000	0.0000000000	

Comments: