PB5	4
0.0000030000	0.0000090000	0.0000150000	0.0000210000	
0.0000030000	0.0000030000	0.0000030000	0.0000030000	
0	0	0	0	
notype	notype	notype	notype	
0.0000007500	0.0000007500	
PB2	3
0.0000020000	0.0000140000	0.0000200000	
0.0000000300	0.0000000300	0.0000000300	
0	0	0	
Rabi	notype	Rabi	
0.0000000000	0.0000000000	
PB0	4
0.0000030000	0.0000090000	0.0000150000	0.0000210000	
0.0000003500	0.0000003500	0.0000003500	0.0000003500	
0	0	0	0	
readout	readout	readout	readout	
0.0000000000	0.0000000000	
PB15	1
0.0000000000	
0.0000240000	
0	
notype	
0.0000000000	0.0000000000	
PB4	1
0.0000180000	
0.0000040000	
0	
notype	
0.0000000000	0.0000000000	

Comments: