PB5	4
0.0000020050	0.0000062500	0.0000082500	0.0000113000	
0.0000007000	0.0000007000	0.0000007000	0.0000007000	
0	0	0	0	
notype	notype	notype	notype	
0.0000007700	0.0000007700	
PB2	7
0.0000040000	0.0000040600	0.0000041700	0.0000042800	0.0000043900	0.0000045000	0.0000102500	
0.0000000350	0.0000000700	0.0000000700	0.0000000700	0.0000000700	0.0000000350	0.0000000700	
0	0	0	0	0	0	0	
rab	cpmg	cpmg	cpmg	cpmg	cpmg	notype	
0.0000000000	0.0000000000	
PB0	3
0.0000062500	0.0000082500	0.0000113000	
0.0000003000	0.0000003000	0.0000003000	
0	0	0	
notype	notype	notype	
0.0000000000	0.0000000000	
PB17	1
0.0000020050	
0.0000100000	
0	
notype	
0.0000000000	0.0000000000	
PB19	3
0.0000041450	0.0000042550	0.0000043650	
0.0000000050	0.0000000050	0.0000000050	
0	0	0	
cpmg	cpmg	cpmg	
0.0000000000	0.0000000000	
PB3	2
0.0000041550	0.0000043750	
0.0000001000	0.0000001000	
0	0	
notype	notype	
0.0000000600	0.0000000800	

Comments: