PB5	28
0.0000000000	0.0000855300	0.0001763000	0.0002814500	0.0003695300	0.0004743000	0.0005654500	0.0013000000	0.0013855300	0.0014763000	0.0015814500	0.0016695300	0.0017743000	0.0018654500	0.0026000000	0.0026855300	0.0027763000	0.0028814500	0.0029695300	0.0030743000	0.0031654500	0.0039000000	0.0039855300	0.0040763000	0.0041814500	0.0042695300	0.0043743000	0.0044654500	
0.0000050000	0.0000005000	0.0000005000	0.0000005000	0.0000005000	0.0000005000	0.0000005000	0.0000050000	0.0000005000	0.0000005000	0.0000005000	0.0000005000	0.0000005000	0.0000005000	0.0000050000	0.0000005000	0.0000005000	0.0000005000	0.0000005000	0.0000005000	0.0000005000	0.0000050000	0.0000005000	0.0000005000	0.0000005000	0.0000005000	0.0000005000	0.0000005000	
0	0	0	0	0	0	0	0	0	0	0	0	0	0	0	0	0	0	0	0	0	0	0	0	0	0	0	0	
notype	notype	notype	notype	notype	notype	notype	notype	notype	notype	notype	notype	notype	notype	notype	notype	notype	notype	notype	notype	notype	notype	notype	notype	notype	notype	notype	notype	
0.0000000000	0.0000000000	
PB12	16
0.0001351000	0.0003426600	0.0005242500	0.0011500000	0.0014351000	0.0016426600	0.0018242500	0.0024500000	0.0027351000	0.0029426600	0.0031242500	0.0037500000	0.0040351000	0.0042426600	0.0044242500	0.0051000000	
0.0000110000	0.0000110000	0.0000110000	0.0000110000	0.0000110000	0.0000110000	0.0000110000	0.0000110000	0.0000110000	0.0000110000	0.0000110000	0.0000110000	0.0000110000	0.0000110000	0.0000110000	0.0000110000	
0	0	0	0	0	0	0	0	0	0	0	0	0	0	0	0	
notype	notype	notype	notype	notype	notype	notype	notype	notype	notype	notype	notype	notype	notype	notype	notype	
0.0000000000	0.0000000000	
PB4	36
0.0000300000	0.0001151500	0.0002063000	0.0003280000	0.0003991500	0.0005043000	0.0006999625	0.0008999625	0.0011000000	0.0013300000	0.0014151500	0.0015063000	0.0016280000	0.0016991500	0.0018043000	0.0019999625	0.0021999625	0.0024000000	0.0026300000	0.0027151500	0.0028063000	0.0029280000	0.0029991500	0.0031043000	0.0032999625	0.0034999625	0.0037000000	0.0039300000	0.0040151500	0.0041063000	0.0042280000	0.0042991500	0.0044043000	0.0045999625	0.0047999625	0.0050000000	
0.0000007000	0.0000007000	0.0000007000	0.0000007000	0.0000007000	0.0000007000	0.0000000375	0.0000000750	0.0000000375	0.0000007000	0.0000007000	0.0000007000	0.0000007000	0.0000007000	0.0000007000	0.0000000375	0.0000000750	0.0000001125	0.0000007000	0.0000007000	0.0000007000	0.0000007000	0.0000007000	0.0000007000	0.0000000375	0.0000000750	0.0000000375	0.0000007000	0.0000007000	0.0000007000	0.0000007000	0.0000007000	0.0000007000	0.0000000375	0.0000000750	0.0000001125	
0	0	0	0	0	0	0	0	0	0	0	0	0	0	0	0	0	0	0	0	0	0	0	0	0	0	0	0	0	0	0	0	0	0	0	0	
notype	notype	notype	notype	notype	notype	notype	notype	notype	notype	notype	notype	notype	notype	notype	notype	notype	notype	notype	notype	notype	notype	notype	notype	notype	notype	notype	notype	notype	notype	notype	notype	notype	notype	notype	notype	
0.0000000875	0.0000000875	
PB13	12
0.0000446600	0.0002262500	0.0004280000	0.0013446600	0.0015262500	0.0017280000	0.0026446600	0.0028262500	0.0030280000	0.0039446600	0.0041262500	0.0043280000	
0.0000200000	0.0000200000	0.0000200000	0.0000200000	0.0000200000	0.0000200000	0.0000200000	0.0000200000	0.0000200000	0.0000200000	0.0000200000	0.0000200000	
0	0	0	0	0	0	0	0	0	0	0	0	
notype	notype	notype	notype	notype	notype	notype	notype	notype	notype	notype	notype	
0.0000000000	0.0000000000	
PB3	4
0.0007050000	0.0009050000	0.0020050000	0.0022050000	
0.0000450000	0.0000450000	0.0000450000	0.0000450000	
0	0	0	0	
georg	georg	georg	georg	
0.0000000000	0.0000000000	
PB7	4
0.0012500000	0.0025500000	0.0038500000	0.0052000000	
0.0000010000	0.0000010000	0.0000010000	0.0000010000	
0	0	0	0	
notype	notype	notype	notype	
0.0000000000	0.0000000000	
PB0	1
0.0055000000	
0.0000000100	
0	
notype	
0.0000000000	0.0000000000	
PB10	4
0.0006000000	0.0019000000	0.0032000000	0.0045000000	
0.0005500000	0.0005500000	0.0005500000	0.0005500000	
0	0	0	0	
notype	notype	notype	notype	
0.0000000000	0.0000000000	

Comments: