PB5	5
0.0000000000	0.0000060000	0.0000100000	0.0000180000	0.0000220000	
0.0000010000	0.0000005000	0.0000005000	0.0000005000	0.0000005000	
0	0	0	0	0	
notype	notype	notype	notype	notype	
0.0000007700	0.0000007700	
PB2	5
0.0000020000	0.0000021000	0.0000090000	0.0000150000	0.0000151000	
0.0000000400	0.0000000400	0.0000000800	0.0000000400	0.0000001200	
0	0	0	0	0	
notype	rams	notype	notype	rams	
0.0000000000	0.0000000000	
PB0	4
0.0000060000	0.0000100000	0.0000180000	0.0000220000	
0.0000002000	0.0000002000	0.0000002000	0.0000002000	
0	0	0	0	
notype	notype	notype	notype	
0.0000000000	0.0000000000	
PB10	1
0.0000000000	
0.0000250000	
0	
notype	
0.0000000000	0.0000000000	

Comments: