PB5	4
0.0000020050	0.0000059100	0.0000079100	0.0000109600	
0.0000007000	0.0000007000	0.0000007000	0.0000007000	
0	0	0	0	
notype	notype	notype	notype	
0.0000007700	0.0000007700	
PB2	11
0.0000040000	0.0000040400	0.0000041100	0.0000041800	0.0000042500	0.0000043200	0.0000043900	0.0000044600	0.0000045300	0.0000045800	0.0000096600	
0.0000000150	0.0000000300	0.0000000300	0.0000000300	0.0000000300	0.0000000300	0.0000000300	0.0000000300	0.0000000300	0.0000000150	0.0000000300	
0	0	0	0	0	0	0	0	0	0	0	
rab	cpmg	cpmg	cpmg	cpmg	cpmg	cpmg	cpmg	cpmg	cpmg	notype	
0.0000000000	0.0000000000	
PB0	3
0.0000059100	0.0000079100	0.0000109600	
0.0000003000	0.0000003000	0.0000003000	
0	0	0	
notype	notype	notype	
0.0000000000	0.0000000000	
PB17	1
0.0000020050	
0.0000100000	
0	
notype	
0.0000000000	0.0000000000	
PB19	7
0.0000040850	0.0000041550	0.0000042250	0.0000042950	0.0000043650	0.0000044350	0.0000045050	
0.0000000050	0.0000000050	0.0000000050	0.0000000050	0.0000000050	0.0000000050	0.0000000050	
0	0	0	0	0	0	0	
cpmg	cpmg	cpmg	cpmg	cpmg	cpmg	cpmg	
0.0000000000	0.0000000000	
PB3	4
0.0000040900	0.0000042300	0.0000043700	0.0000045100	
0.0000000700	0.0000000700	0.0000000700	0.0000000600	
0	0	0	0	
notype	notype	notype	notype	
0.0000000600	0.0000000700	

Comments: