PB5	11
0.0000000000	0.0000715300	0.0001623000	0.0002534500	0.0006750000	0.0010500000	0.0012000000	0.0013500000	0.0017000000	0.0018500000	0.0020000000	
0.0000050000	0.0000005000	0.0000005000	0.0000005000	0.0000005000	0.0000005000	0.0000005000	0.0000005000	0.0000005000	0.0000005000	0.0000005000	
0	0	0	0	0	0	0	0	0	0	0	
notype	notype	notype	notype	notype	notype	notype	notype	notype	notype	notype	
0.0000000000	0.0000000000	
PB12	11
0.0000446600	0.0001211000	0.0002122500	0.0005000000	0.0010000000	0.0011500000	0.0013000000	0.0016500000	0.0018000000	0.0019500000	0.0022000000	
0.0000120000	0.0000120000	0.0000120000	0.0000120000	0.0000120000	0.0000120000	0.0000120000	0.0000120000	0.0000120000	0.0000120000	0.0000120000	
0	0	0	0	0	0	0	0	0	0	0	
notype	notype	notype	notype	notype	notype	notype	notype	notype	notype	notype	
0.0000000000	0.0000000000	
PB4	9
0.0000300000	0.0001011500	0.0001923000	0.0009500000	0.0011000000	0.0012500000	0.0016000000	0.0017500000	0.0019000000	
0.0000007500	0.0000007500	0.0000007500	0.0000007500	0.0000007500	0.0000007500	0.0000007500	0.0000007500	0.0000007500	
0	0	0	0	0	0	0	0	0	
notype	notype	notype	notype	notype	notype	notype	notype	notype	
0.0000000875	0.0000000875	
PB7	3
0.0008000000	0.0015000000	0.0023000000	
0.0000000100	0.0000000100	0.0000000100	
0	0	0	
notype	notype	notype	
0.0000000000	0.0000000000	
PB0	1
0.0025000000	
0.0000000100	
0	
notype	
0.0000000000	0.0000000000	
PB20	1
0.0000000000	
0.0031000000	
0	
notype	
0.0000000000	0.0000000000	

Comments: