PB5	8
0.0000010000	0.0004003000	0.0004005000	0.0007998000	0.0008000000	0.0011993000	0.0011995000	0.0400000000	
0.0000001700	0.0000002000	0.0000001700	0.0000002000	0.0000001700	0.0000002000	0.0000001700	0.0000002000	
0	0	0	0	0	0	0	0	
notype	notype	notype	notype	notype	notype	notype	notype	
0.0000000000	0.0000000000	
PB3	4
0.0001003000	0.0004998000	0.0008993000	0.0200000000	
0.0001500000	0.0001500000	0.0001500000	0.0030000000	
0	0	0	0	
notype	notype	notype	notype	
0.0000000000	0.0000000000	
PB2	4
0.0000039700	0.0004034700	0.0008029700	0.0012024700	
0.0000013000	0.0000013000	0.0000013000	0.0000013000	
0	0	0	0	
notype	notype	notype	notype	
0.0000000875	0.0000000875	
PB0	4
0.0004003000	0.0007998000	0.0011993000	0.0400000000	
0.0000002000	0.0000002000	0.0000002000	0.0000002000	
0	0	0	0	
notype	notype	notype	notype	
0.0000007700	0.0000007700	

Comments: