PB6	2
0.0000105000	0.0000227250	
0.0000003240	0.0000003250	
0	0	
dummy	meas	
0.0000000000	0.0000000000	
PB7	2
0.0000114000	0.0000347490	
0.0000003250	0.0000003250	
0	0	
dummy	meas	
0.0000000000	0.0000000000	
PB3	1
0.0000041100	
0.0000050000	
0	
w	
0.0000004400	0.0000004400	
PB2	3
0.0000040000	0.0000225240	0.0000345500	
0.0000001000	0.0000001000	0.0000001000	
90	0	0	
t	t	t	
0.0000004400	0.0000004400	
PB5	4
0.0000000000	0.0000092000	0.0000227240	0.0000347490	
0.0000030000	0.0000002000	0.0000005250	0.0000005250	
0	0	0	0	
notype	notype	excite	excite	
0.0000010500	0.0000010500	
PB4	2
0.0000100000	0.0000217250	
0.0000001000	0.0000012000	
0	0	
mw	notype	
0.0000000000	0.0000000000	

Comments: