PB5	32
0.0000000000	0.0000855300	0.0001763000	0.0002814500	0.0003695300	0.0004743000	0.0005654500	0.0007510000	0.0012000100	0.0012855400	0.0013763100	0.0014814600	0.0015695400	0.0016743100	0.0017654600	0.0019510850	0.0024000950	0.0024856250	0.0025763950	0.0026815450	0.0027696250	0.0028743950	0.0029655450	0.0031510950	0.0036001050	0.0036856350	0.0037764050	0.0038815550	0.0039696350	0.0040744050	0.0041655550	0.0043511800	
0.0000050000	0.0000005000	0.0000005000	0.0000005000	0.0000005000	0.0000005000	0.0000005000	0.0000005000	0.0000050000	0.0000005000	0.0000005000	0.0000005000	0.0000005000	0.0000005000	0.0000005000	0.0000005000	0.0000050000	0.0000005000	0.0000005000	0.0000005000	0.0000005000	0.0000005000	0.0000005000	0.0000005000	0.0000050000	0.0000005000	0.0000005000	0.0000005000	0.0000005000	0.0000005000	0.0000005000	0.0000005000	
0	0	0	0	0	0	0	0	0	0	0	0	0	0	0	0	0	0	0	0	0	0	0	0	0	0	0	0	0	0	0	0	
notype	notype	notype	notype	notype	notype	notype	notype	notype	notype	notype	notype	notype	notype	notype	notype	notype	notype	notype	notype	notype	notype	notype	notype	notype	notype	notype	notype	notype	notype	notype	notype	
0.0000000000	0.0000000000	
PB12	16
0.0001351000	0.0003426600	0.0005242500	0.0007210000	0.0013351100	0.0015426700	0.0017242600	0.0019210850	0.0025351950	0.0027427550	0.0029243450	0.0031210950	0.0037352050	0.0039427650	0.0041243550	0.0043211800	
0.0000090000	0.0000090000	0.0000090000	0.0000090000	0.0000090000	0.0000090000	0.0000090000	0.0000090000	0.0000090000	0.0000090000	0.0000090000	0.0000090000	0.0000090000	0.0000090000	0.0000090000	0.0000090000	
0	0	0	0	0	0	0	0	0	0	0	0	0	0	0	0	
notype	notype	notype	notype	notype	notype	notype	notype	notype	notype	notype	notype	notype	notype	notype	notype	
0.0000000000	0.0000000000	
PB4	32
0.0000300000	0.0001151500	0.0002063000	0.0003280000	0.0003991500	0.0005043000	0.0006999625	0.0007010000	0.0012300100	0.0013151600	0.0014063100	0.0015280100	0.0015991600	0.0017043100	0.0018999725	0.0019010100	0.0024300950	0.0025152450	0.0026063950	0.0027280950	0.0027992450	0.0029043950	0.0031000575	0.0031010950	0.0036301050	0.0037152550	0.0038064050	0.0039281050	0.0039992550	0.0041044050	0.0043000675	0.0043011050	
0.0000007000	0.0000007000	0.0000007000	0.0000007000	0.0000007000	0.0000007000	0.0000000375	0.0000000375	0.0000007000	0.0000007000	0.0000007000	0.0000007000	0.0000007000	0.0000007000	0.0000000375	0.0000001125	0.0000007000	0.0000007000	0.0000007000	0.0000007000	0.0000007000	0.0000007000	0.0000000375	0.0000000375	0.0000007000	0.0000007000	0.0000007000	0.0000007000	0.0000007000	0.0000007000	0.0000000375	0.0000001125	
0	0	0	0	0	0	0	0	0	0	0	0	0	0	0	0	0	0	0	0	0	0	0	0	0	0	0	0	0	0	0	0	
notype	notype	notype	notype	notype	notype	notype	t2	notype	notype	notype	notype	notype	notype	notype	t2	notype	notype	notype	notype	notype	notype	notype	notype	notype	notype	notype	notype	notype	notype	notype	notype	
0.0000000875	0.0000000875	
PB13	12
0.0000446600	0.0002262500	0.0004280000	0.0012446700	0.0014262600	0.0016280100	0.0024447550	0.0026263450	0.0028280950	0.0036447650	0.0038263550	0.0040281050	
0.0000180000	0.0000180000	0.0000180000	0.0000180000	0.0000180000	0.0000180000	0.0000180000	0.0000180000	0.0000180000	0.0000180000	0.0000180000	0.0000180000	
0	0	0	0	0	0	0	0	0	0	0	0	
notype	notype	notype	notype	notype	notype	notype	notype	notype	notype	notype	notype	
0.0000000000	0.0000000000	
PB7	4
0.0010000000	0.0022000850	0.0034000950	0.0046001800	
0.0000010000	0.0000010000	0.0000010000	0.0000010000	
0	0	0	0	
notype	notype	notype	notype	
0.0000000000	0.0000000000	
PB0	1
0.0048001800	
0.0000000100	
0	
notype	
0.0000000000	0.0000000000	
PB10	4
0.0006500000	0.0018500100	0.0030500950	0.0042501050	
0.0001500000	0.0001500000	0.0001500000	0.0001500000	
0	0	0	0	
notype	notype	notype	notype	
0.0000000000	0.0000000000	

Comments: