PB5	4
0.0000000000	0.0000020000	0.0000045000	0.0000070000	
0.0000005000	0.0000010000	0.0000010000	0.0000010000	
0	0	0	0	
notype	notype	notype	notype	
0.0000007700	0.0000007700	
PB2	3
0.0000015000	0.0000015300	0.0000065000	
0.0000000200	0.0000000200	0.0000000400	
0	0	0	
notype	T	T	
0.0000000000	0.0000000000	
PB0	3
0.0000020000	0.0000045000	0.0000070000	
0.0000003000	0.0000003000	0.0000003000	
0	0	0	
notype	notype	notype	
0.0000000000	0.0000000000	
PB10	1
0.0000000000	
0.0000080000	
0	
notype	
0.0000000000	0.0000000000	
PB17	1
0.0000000000	
0.0000005000	
0	
notype	
0.0000000000	0.0000000000	

Comments: