PB5	5
0.0000050000	0.0000110000	0.0000160000	0.0000190000	0.0000240000	
0.0000030000	0.0000030000	0.0000010000	0.0000030000	0.0000030000	
0	0	0	0	0	
notype	notype	repol	notype	notype	
0.0000007500	0.0000007500	
PB2	3
0.0000010000	0.0000150000	0.0000230000	
0.0000000450	0.0000000450	0.0000000450	
0	0	0	
notype	notype	notype	
0.0000000000	0.0000000000	
PB0	4
0.0000050000	0.0000110000	0.0000190000	0.0000240000	
0.0000003500	0.0000003500	0.0000003500	0.0000003500	
0	0	0	0	
readout	readout	readout	readout	
0.0000000000	0.0000000000	
PB15	1
0.0000000000	
0.0000280000	
0	
notype	
0.0000000000	0.0000000000	
PB6	1
0.0000020000	
0.0000010000	
0	
repol	
0.0000000000	0.0000000000	

Comments: