PB6	10
0.0000021000	0.0000051000	0.0000081000	0.0000111000	0.0000141000	0.0000171000	0.0000201000	0.0000231000	0.0000261000	0.0000291000	
0.0000003250	0.0000003250	0.0000003250	0.0000003250	0.0000003250	0.0000003250	0.0000003250	0.0000003250	0.0000003250	0.0000003250	
0	0	0	0	0	0	0	0	0	0	
meas	meas	meas	meas	meas	meas	meas	meas	meas	meas	
0.0000000000	0.0000000000	
PB7	10
0.0000015000	0.0000045000	0.0000075000	0.0000105000	0.0000135000	0.0000165000	0.0000195000	0.0000225000	0.0000255000	0.0000285000	
0.0000003250	0.0000003250	0.0000003250	0.0000003250	0.0000003250	0.0000003250	0.0000003250	0.0000003250	0.0000003250	0.0000003250	
0	0	0	0	0	0	0	0	0	0	
meas	meas	meas	meas	meas	meas	meas	meas	meas	meas	
0.0000000000	0.0000000000	
PB2	10
0.0000013000	0.0000043000	0.0000073000	0.0000103000	0.0000133000	0.0000163000	0.0000193000	0.0000223000	0.0000253000	0.0000283000	
0.0000001000	0.0000001000	0.0000001000	0.0000001000	0.0000001000	0.0000001000	0.0000001000	0.0000001000	0.0000001000	0.0000001000	
0	0	0	0	0	0	0	0	0	0	
t	t	t	t	t	t	t	t	t	t	
0.0000004400	0.0000004400	
PB5	10
0.0000015000	0.0000045000	0.0000075000	0.0000105000	0.0000135000	0.0000165000	0.0000195000	0.0000225000	0.0000255000	0.0000285000	
0.0000015000	0.0000015000	0.0000015000	0.0000015000	0.0000015000	0.0000015000	0.0000015000	0.0000015000	0.0000015000	0.0000015000	
0	0	0	0	0	0	0	0	0	0	
notype	notype	notype	notype	notype	notype	notype	notype	notype	notype	
0.0000010500	0.0000010500	
PB4	5
0.0000035000	0.0000095000	0.0000155000	0.0000215000	0.0000275000	
0.0000015000	0.0000015000	0.0000015000	0.0000015000	0.0000015000	
0	0	0	0	0	
notype	notype	notype	notype	notype	
	

Comments: