PB5	3
0.0000050000	0.0004000000	0.0004500000	
0.0000010000	0.0000010000	0.0000010000	
0	0	0	
notype	notype	notype	
0.0000007700	0.0000007700	
PB4	5
0.0000000000	0.0000400000	0.0001900000	0.0001904200	0.0003404200	
0.0000000100	0.0000000100	0.0000000100	0.0000000100	0.0000000100	
0	0	0	0	0	
rab	rab	notype	notype	notype	
0.0000000000	0.0000000000	
PB0	1
0.0004000000	
0.0000003000	
0	
notype	
0.0000000000	0.0000000000	
PB10	1
0.0000000000	
0.0015000000	
0	
notype	
0.0000000000	0.0000000000	
PB13	1
0.0000200000	
0.0003400000	
0	
c13	
0.0000000000	0.0000000000	
PB3	1
0.0000000000	
0.0015000000	
0	
notype	
0.0000000000	0.0000000000	
PB17	1
0.0000000000	
0.0000040000	
0	
notype	
0.0000000000	0.0000000000	

Comments: