PB5	4
0.0000000000	0.0000042700	0.0000072750	0.0000120400	
0.0000010000	0.0000010000	0.0000010000	0.0000010000	
0	0	0	0	
notype	notype	notype	notype	
0.0000007700	0.0000007700	
PB2	6
0.0000020000	0.0000020600	0.0000021600	0.0000022600	0.0000023600	0.0000100400	
0.0000000400	0.0000000800	0.0000000800	0.0000000800	0.0000000400	0.0000000800	
0	0	0	0	0	0	
notype	notype	notype	notype	notype	notype	
0.0000000000	0.0000000000	
PB0	3
0.0000042700	0.0000072750	0.0000120400	
0.0000003000	0.0000003000	0.0000003000	
0	0	0	
notype	notype	notype	
0.0000000000	0.0000000000	
PB15	1
0.0000000000	
0.0000150000	
0	
notype	
0.0000000000	0.0000000000	
PB3	2
0.0000020500	0.0000022500	
0.0000001000	0.0000001000	
0	0	
notype	notype	
0.0000000600	0.0000000800	

Comments: