PB6	5
0.0000000000	0.0000036475	0.0000102450	0.0000196950	0.0000264425	
0.0000005000	0.0000003000	0.0000003000	0.0000003000	0.0000003000	
0	0	0	0	0	
notype	notype	notype	T	T	
0.0000007850	0.0000007850	
PB0	7
0.0000040025	0.0000060000	0.0000135025	0.0000200500	0.0000297975	0.0000366500	0.0000436500	
0.0000000300	0.0000000300	0.0000000300	0.0000000300	0.0000000300	0.0000000300	0.0000000300	
0	0	0	0	0	0	0	
notype	notype	notype	notype	notype	notype	notype	
0.0000000000	0.0000000000	
PB2	4
0.0000039225	0.0000104750	0.0000357950	0.0000431475	
0.0000000025	0.0000000025	0.0000000025	0.0000000500	
0	0	0	0	
T	T	T	notype	
0.0000001675	0.0000001675	
PB5	6
0.0000040000	0.0000135000	0.0000200475	0.0000297950	0.0000366475	0.0000436475	
0.0000025000	0.0000025000	0.0000025000	0.0000025000	0.0000025000	0.0000025000	
0	0	0	0	0	0	
notype	notype	notype	notype	notype	notype	
0.0000005725	0.0000005725	
PB3	1
0.0000405575	
0.0000055000	
0	
notype	
0.0000000000	0.0000000000	

Comments: