PB5	4
0.0000000000	0.0000050025	0.0000480825	0.0001280825	
0.0000030000	0.0000030000	0.0000030000	0.0000030000	
0	0	0	0	
notype	notype	notype	notype	
0.0000005200	0.0000005200	
PB0	3
0.0000050000	0.0000480800	0.0001280800	
0.0000003000	0.0000003000	0.0000003000	
0	0	0	
notype	notype	notype	
0.0000000000	0.0000000000	
PB2	3
0.0000102350	0.0000560825	0.0000900825	
0.0000300000	0.0000300000	0.0000300000	
0	0	0	
Scan	T	Scan	
0.0000001800	0.0000001800	
PB3	3
0.0000102350	0.0000560825	0.0000900825	
0.0000300000	0.0000300000	0.0000300000	
0	0	0	
Scan	notype	Scan	
0.0000002200	0.0000002200	

Comments: