PB5	4
0.0000020050	0.0000062400	0.0000082400	0.0000112400	
0.0000007000	0.0000007000	0.0000007000	0.0000007000	
0	0	0	0	
notype	notype	notype	notype	
0.0000007700	0.0000007700	
PB2	6
0.0000040050	0.0000040450	0.0000041600	0.0000042550	0.0000102400	0.0000102700	
0.0000000200	0.0000000750	0.0000000750	0.0000000200	0.0000000200	0.0000000200	
0	0	0	0	0	0	
rab	cpmg	cpmg	cpmg	notype	notype	
0.0000000000	0.0000000000	
PB0	3
0.0000062400	0.0000082400	0.0000112400	
0.0000003000	0.0000003000	0.0000003000	
0	0	0	
notype	notype	notype	
0.0000000000	0.0000000000	
PB17	1
0.0000020050	
0.0000100000	
0	
notype	
0.0000000000	0.0000000000	
PB19	1
0.0000041350	
0.0000000050	
0	
cpmg	
0.0000000000	0.0000000000	
PB3	1
0.0000041450	
0.0000001000	
0	
notype	
0.0000000700	0.0000000700	

Comments: