PB5	4
0.0000020000	0.0000060000	0.0000080000	0.0000110000	
0.0000007000	0.0000007000	0.0000007000	0.0000007000	
0	0	0	0	
notype	notype	notype	notype	
0.0000007700	0.0000007700	
PB2	7
0.0000040000	0.0000040450	0.0000041750	0.0000043050	0.0000044350	0.0000045450	0.0000100000	
0.0000000250	0.0000000900	0.0000000900	0.0000000900	0.0000000900	0.0000000250	0.0000000500	
0	0	0	0	0	0	0	
rab	cpmg	cpmg	cpmg	cpmg	notype	notype	
0.0000000000	0.0000000000	
PB0	3
0.0000060000	0.0000080000	0.0000110000	
0.0000003000	0.0000003000	0.0000003000	
0	0	0	
notype	notype	notype	
0.0000000000	0.0000000000	
PB17	1
0.0000010000	
0.0000120000	
0	
notype	
0.0000000000	0.0000000000	
PB19	4
0.0000041450	0.0000042750	0.0000044050	0.0000045300	
0.0000000050	0.0000000050	0.0000000050	0.0000000050	
0	0	0	0	
cpmg	cpmg	cpmg	cpmg	
0.0000000000	0.0000000000	
PB3	2
0.0000041550	0.0000044150	
0.0000001300	0.0000001200	
0	0	
notype	notype	
0.0000000600	0.0000000800	

Comments: