PB5	8
0.0000000000	0.0000703800	0.0001600000	0.0002500000	0.0025000000	0.0025703800	0.0026600000	0.0027500000	
0.0000050000	0.0000005000	0.0000005000	0.0000005000	0.0000050000	0.0000005000	0.0000005000	0.0000005000	
0	0	0	0	0	0	0	0	
notype	notype	notype	notype	notype	notype	notype	notype	
0.0000000000	0.0000000000	
PB3	8
0.0000447100	0.0001200000	0.0002100000	0.0008000000	0.0025447100	0.0026200000	0.0027100000	0.0032500000	
0.0000098000	0.0000098000	0.0000098000	0.0000001000	0.0000098000	0.0000098000	0.0000098000	0.0000001000	
0	0	0	0	0	0	0	0	
notype	notype	notype	T	notype	notype	notype	T	
0.0000000000	0.0000000000	
PB4	7
0.0000300000	0.0001000000	0.0001900000	0.0025300000	0.0026000000	0.0026900000	0.0031000000	
0.0000006000	0.0000006000	0.0000006000	0.0000006000	0.0000006000	0.0000006000	0.0003000000	
0	0	0	0	0	0	0	
notype	notype	notype	notype	notype	notype	T	
0.0000000875	0.0000000875	
PB2	1
0.0031000000	
0.0003000000	
0	
T	
0.0000000875	0.0000000875	
PB7	2
0.0018908700	0.0042908700	
0.0000000100	0.0000000100	
0	0	
notype	notype	
0.0000000000	0.0000000000	
PB8	2
0.0019908700	0.0043908700	
0.0000000100	0.0000000100	
0	0	
notype	notype	
0.0000000000	0.0000000000	
PB6	1
0.0000000000	
0.0100000000	
0	
notype	
0.0000000000	0.0000000000	
PB0	1
0.0053089300	
0.0000002000	
0	
notype	
0.0000000000	0.0000000000	
PB10	1
0.0030000000	
0.0005000000	
0	
T	
0.0000000000	0.0000000000	

Comments: