PB5	2
0.0000010000	0.0002000000	
0.0000005000	0.0000005000	
0	0	
notype	notype	
0.0000000000	0.0000000000	
PB3	4
0.0001007300	0.0002869300	0.0003099500	0.0003559700	
0.0000460000	0.0000230000	0.0000460000	0.0000230000	
0	0	0	0	
notype	notype	tau	tau	
0.0000000000	0.0000000000	
PB2	1
0.0000043000	
0.0000014000	
0	
notype	
0.0000000875	0.0000000875	
PB0	1
0.0006600000	
0.0000002000	
0	
notype	
0.0000007700	0.0000007700	
PB7	1
0.0004600000	
0.0000001000	
0	
notype	
0.0000000000	0.0000000000	
PB8	1
0.0005600000	
0.0000001000	
0	
notype	
0.0000000000	0.0000000000	

Comments: