PB5	4
0.0000050000	0.0000200000	0.0000300000	0.0000600000	
0.0000010000	0.0000010000	0.0000010000	0.0000010000	
0	0	0	0	
notype	notype	notype	notype	
0.0000007700	0.0000007700	
PB2	5
0.0000000000	0.0000100000	0.0000500000	0.0000509700	0.0000520000	
0.0000000500	0.0000001100	0.0000000500	0.0000001100	0.0000000500	
0	0	0	0	0	
rab	rab	rab	t2	t2	
0.0000000000	0.0000000000	
PB0	3
0.0000200000	0.0000300000	0.0000600000	
0.0000003000	0.0000003000	0.0000003000	
0	0	0	
notype	notype	notype	
0.0000000000	0.0000000000	
PB10	1
0.0000000000	
0.0000700000	
0	
notype	
0.0000000000	0.0000000000	
PB3	1
0.0000000000	
0.0000700000	
0	
notype	
0.0000000000	0.0000000000	
PB17	1
0.0000000000	
0.0000040000	
0	
notype	
0.0000000000	0.0000000000	

Comments: