PB5	4
0.0000000000	0.0000030000	0.0000060000	0.0000101650	
0.0000005000	0.0000007000	0.0000007000	0.0000007000	
0	0	0	0	
notype	notype	notype	notype	
0.0000007700	0.0000007700	
PB2	6
0.0000015000	0.0000083000	0.0000083250	0.0000084100	0.0000084950	0.0000085750	
0.0000000400	0.0000000200	0.0000000750	0.0000000750	0.0000000750	0.0000000200	
0	0	0	0	0	0	
notype	notype	echo	echo	echo	echo	
0.0000000000	0.0000000000	
PB0	3
0.0000030000	0.0000060000	0.0000101650	
0.0000003000	0.0000003000	0.0000003000	
0	0	0	
notype	notype	notype	
0.0000000000	0.0000000000	
PB17	1
0.0000000000	
0.0000120000	
0	
notype	
0.0000000000	0.0000000000	
PB19	2
0.0000084050	0.0000084900	
0.0000000050	0.0000000050	
0	0	
echo	echo	
0.0000000000	0.0000000000	

Comments: