PB5	8
0.0000000000	0.0000795300	0.0001783000	0.0002774500	0.0005240000	0.0006035300	0.0007023000	0.0008014500	
0.0000050000	0.0000005000	0.0000005000	0.0000005000	0.0000050000	0.0000005000	0.0000005000	0.0000005000	
0	0	0	0	0	0	0	0	
notype	notype	notype	notype	notype	notype	notype	notype	
0.0000000000	0.0000000000	
PB13	7
0.0000446600	0.0001291000	0.0002282500	0.0005686600	0.0006531000	0.0007522500	0.0008480000	
0.0000110000	0.0000110000	0.0000110000	0.0000110000	0.0000110000	0.0000110000	0.0000110000	
0	0	0	0	0	0	0	
notype	notype	notype	notype	notype	notype	notype	
0.0000000000	0.0000000000	
PB4	6
0.0000300000	0.0001091500	0.0002083000	0.0005540000	0.0006331500	0.0007323000	
0.0000007000	0.0000007000	0.0000007000	0.0000007000	0.0000007000	0.0000007000	
0	0	0	0	0	0	
notype	notype	notype	notype	notype	notype	
0.0000000875	0.0000000875	
PB7	2
0.0004240000	0.0009560000	
0.0000000100	0.0000000100	
0	0	
notype	notype	
0.0000000000	0.0000000000	
PB6	1
0.0000000000	
0.0011000000	
0	
notype	
0.0000000000	0.0000000000	
PB0	1
0.0010460000	
0.0000002000	
0	
notype	
0.0000000000	0.0000000000	

Comments: