PB0	1
0.0035000000	
0.0000002000	
0	
notype	
0.0000000000	0.0000000000	
PB14	2
0.0009000000	0.0029000000	
0.0000100000	0.0000100000	
0	0	
T	T	
0.0000000000	0.0000000000	
PB7	2
0.0010000000	0.0030000000	
0.0000100000	0.0000100000	
0	0	
notype	notype	
0.0000000000	0.0000000000	
PB8	2
0.0012000000	0.0032000000	
0.0000100000	0.0000100000	
0	0	
notype	notype	
0.0000000000	0.0000000000	
PB4	8
0.0000450000	0.0001450000	0.0002450000	0.0003450000	0.0020450000	0.0021450000	0.0022450000	0.0023450000	
0.0000006000	0.0000006000	0.0000006000	0.0000006000	0.0000006000	0.0000006000	0.0000006000	0.0000006000	
0	0	0	0	0	0	0	0	
notype	notype	notype	notype	notype	notype	notype	notype	
0.0000000000	0.0000000000	
PB3	9
0.0000950000	0.0001950000	0.0002950000	0.0003950000	0.0004950000	0.0020950000	0.0021950000	0.0022950000	0.0023950000	
0.0000100000	0.0000100000	0.0000100000	0.0000100000	0.0000100000	0.0000100000	0.0000100000	0.0000100000	0.0000100000	
0	0	0	0	0	0	0	0	0	
notype	notype	notype	notype	notype	notype	notype	notype	notype	
0.0000000000	0.0000000000	
PB16	1
0.0000000000	
0.0000000000	
0	
notype	
0.0000000000	0.0000000000	
PB5	10
0.0000400000	0.0001400000	0.0002400000	0.0003400000	0.0004400000	0.0020400000	0.0021400000	0.0022400000	0.0023400000	0.0024400000	
0.0000005000	0.0000005000	0.0000005000	0.0000005000	0.0000005000	0.0000005000	0.0000005000	0.0000005000	0.0000005000	0.0000005000	
0	0	0	0	0	0	0	0	0	0	
notype	notype	notype	notype	notype	notype	notype	notype	notype	notype	
0.0000000000	0.0000000000	

Comments: