PB5	2
0.0000050000	0.0005180000	
0.0000010000	0.0000010000	
0	0	
notype	notype	
0.0000007700	0.0000007700	
PB2	3
0.0000500000	0.0002500000	0.0004500000	
0.0000000250	0.0000000525	0.0000000250	
0	0	0	
rab	t2	t2	
0.0000000000	0.0000000000	
PB0	1
0.0005180000	
0.0000003000	
0	
notype	
0.0000000000	0.0000000000	
PB10	1
0.0000000000	
0.0006000000	
0	
notype	
0.0000000000	0.0000000000	
PB3	1
0.0000000000	
0.0006000000	
0	
notype	
0.0000000000	0.0000000000	
PB17	1
0.0000000000	
0.0000000500	
0	
notype	
0.0000000000	0.0000000000	
PB13	2
0.0000550000	0.0002550000	
0.0000400000	0.0000400000	
0	0	
notype	notype	
0.0000000000	0.0000000000	

Comments: