PB5	3
0.0000010000	0.0002653300	0.0005058300	
0.0000005000	0.0000005000	0.0000005000	
0	0	0	
notype	notype	notype	
0.0000000000	0.0000000000	
PB3	2
0.0000156300	0.0002758300	
0.0002200000	0.0002200000	
0	0	
notype	notype	
0.0000000000	0.0000000000	
PB2	1
0.0000043000	
0.0000013000	
0	
notype	
0.0000000875	0.0000000875	
PB0	1
0.0007000000	
0.0000002000	
0	
notype	
0.0000007700	0.0000007700	
PB7	1
0.0005163300	
0.0000000100	
0	
notype	
0.0000000000	0.0000000000	
PB8	1
0.0005263400	
0.0000000100	
0	
notype	
0.0000000000	0.0000000000	

Comments: