PB5	8
0.0000000000	0.0000703800	0.0001600000	0.0002500000	0.0020000000	0.0020703800	0.0021600000	0.0022500000	
0.0000050000	0.0000005000	0.0000005000	0.0000005000	0.0000050000	0.0000005000	0.0000005000	0.0000005000	
0	0	0	0	0	0	0	0	
notype	notype	notype	notype	notype	notype	notype	notype	
0.0000000000	0.0000000000	
PB3	8
0.0000447100	0.0001200000	0.0002100000	0.0010000000	0.0020447100	0.0021200000	0.0022100000	0.0023000000	
0.0000098000	0.0000098000	0.0000098000	0.0000100000	0.0000098000	0.0000098000	0.0000098000	0.0000100000	
0	0	0	0	0	0	0	0	
notype	notype	notype	T	notype	notype	notype	T	
0.0000000000	0.0000000000	
PB4	7
0.0000300000	0.0001000000	0.0001900000	0.0005000000	0.0020300000	0.0021000000	0.0021900000	
0.0000008700	0.0000008700	0.0000008700	0.0000000800	0.0000008700	0.0000008700	0.0000008700	
0	0	0	0	0	0	0	
notype	notype	notype	notype	notype	notype	notype	
0.0000000875	0.0000000875	
PB0	2
0.0015908700	0.0035908700	
0.0000002000	0.0000002000	
0	0	
notype	notype	
0.0000007700	0.0000007700	
PB7	2
0.0013908700	0.0033908700	
0.0000000100	0.0000000100	
0	0	
notype	notype	
0.0000000000	0.0000000000	
PB8	2
0.0014908700	0.0034908700	
0.0000000100	0.0000000100	
0	0	
notype	notype	
0.0000000000	0.0000000000	
PB6	1
0.0000000000	
0.0100000000	
0	
notype	
0.0000000000	0.0000000000	
PB10	1
0.0003500000	
0.0003500000	
0	
notype	
0.0000000000	0.0000000000	

Comments: