PB5	4
0.0000010000	0.0005001000	0.0009734300	0.0017021700	
0.0000005000	0.0000005000	0.0000005000	0.0000005000	
0	0	0	0	
notype	notype	notype	notype	
0.0000000000	0.0000000000	
PB3	5
0.0001006300	0.0005997300	0.0009839300	0.0011059500	0.0013499700	
0.0002440000	0.0002440000	0.0001220000	0.0002440000	0.0001220000	
0	0	0	0	0	
notype	notype	notype	tau	tau	
0.0000000000	0.0000000000	
PB2	2
0.0000043000	0.0005034000	
0.0000013000	0.0000013000	
0	0	
notype	notype	
0.0000000875	0.0000000875	
PB0	1
0.0004000000	
0.0000002000	
0	
notype	
0.0000007700	0.0000007700	
PB7	2
0.0005000000	0.0015019700	
0.0000001000	0.0000001000	
0	0	
notype	notype	
0.0000000000	0.0000000000	
PB8	1
0.0016019700	
0.0000001000	
0	
notype	
0.0000000000	0.0000000000	

Comments: