PB5	6
0.0000150050	0.0000200100	0.0000270100	0.0000450100	0.0000500150	0.0000570200	
0.0000010000	0.0000030000	0.0000030000	0.0000010000	0.0000030000	0.0000030000	
0	0	0	0	0	0	
notype	MBL	notype	notype	MBL	notype	
0.0000007500	0.0000007500	
PB2	4
0.0000130000	0.0000180050	0.0000480100	0.0000550150	
0.0000000300	0.0000000300	0.0000000300	0.0000000300	
0	0	0	0	
mwp	mwp	mwp	mwp	
0.0000000000	0.0000000000	
PB0	4
0.0000200100	0.0000270100	0.0000500150	0.0000570200	
0.0000003500	0.0000003500	0.0000003500	0.0000003500	
0	0	0	0	
readout	readout	readout	readout	
0.0000000000	0.0000000000	
PB4	2
0.0000150050	0.0000450100	
0.0000060000	0.0000060000	
0	0	
notype	notype	
0.0000000000	0.0000000000	
PB6	2
0.0000000000	0.0000300100	
0.0000100000	0.0000100000	
0	0	
notype	notype	
0.0000000000	0.0000000000	
PB15	1
0.0000000000	
0.0000600000	
0	
notype	
0.0000000000	0.0000000000	

Comments: