PB5	10
0.0000050000	0.0004000000	0.0004500000	0.0019000000	0.0019500000	0.0034000000	0.0034500000	0.0045050000	0.0049000000	0.0049500000	
0.0000010000	0.0000010000	0.0000010000	0.0000010000	0.0000010000	0.0000010000	0.0000010000	0.0000010000	0.0000010000	0.0000010000	
0	0	0	0	0	0	0	0	0	0	
notype	notype	notype	notype	notype	notype	notype	notype	notype	notype	
0.0000007700	0.0000007700	
PB2	13
0.0000000000	0.0000400000	0.0001899700	0.0003400000	0.0015400000	0.0016899700	0.0018400000	0.0030400000	0.0031899700	0.0033400000	0.0045400000	0.0046899700	0.0048400000	
0.0000000500	0.0000000500	0.0000001100	0.0000000500	0.0000000500	0.0000001100	0.0000000500	0.0000000500	0.0000001100	0.0000000500	0.0000000500	0.0000001100	0.0000000500	
0	0	0	0	0	0	0	0	0	0	0	0	0	
rab	rab	notype	notype	rab	notype	notype	rab	notype	notype	notype	notype	notype	
0.0000000000	0.0000000000	
PB0	4
0.0004000000	0.0019000000	0.0034000000	0.0049000000	
0.0000003000	0.0000003000	0.0000003000	0.0000003000	
0	0	0	0	
notype	notype	notype	notype	
0.0000000000	0.0000000000	
PB10	1
0.0000000000	
0.0060000000	
0	
notype	
0.0000000000	0.0000000000	
PB13	2
0.0000200000	0.0030200000	
0.0003400000	0.0003400000	
0	0	
c13	c13	
0.0000000000	0.0000000000	
PB3	1
0.0000000000	
0.0060000000	
0	
notype	
0.0000000000	0.0000000000	
PB17	1
0.0000000000	
0.0000040000	
0	
notype	
0.0000000000	0.0000000000	

Comments: