PB5	4
0.0000020050	0.0000060000	0.0000080000	0.0000110000	
0.0000007000	0.0000007000	0.0000007000	0.0000007000	
0	0	0	0	
notype	notype	notype	notype	
0.0000007700	0.0000007700	
PB2	11
0.0000040050	0.0000040450	0.0000041300	0.0000042150	0.0000043000	0.0000043850	0.0000044700	0.0000045550	0.0000046400	0.0000047050	0.0000100000	
0.0000000200	0.0000000450	0.0000000450	0.0000000450	0.0000000450	0.0000000450	0.0000000450	0.0000000450	0.0000000450	0.0000000450	0.0000000450	
0	0	0	0	0	0	0	0	0	0	0	
rab	cpmg	cpmg	cpmg	cpmg	cpmg	cpmg	cpmg	cpmg	cpmg	notype	
0.0000000000	0.0000000000	
PB0	3
0.0000060000	0.0000080000	0.0000110000	
0.0000003000	0.0000003000	0.0000003000	
0	0	0	
notype	notype	notype	
0.0000000000	0.0000000000	
PB17	1
0.0000020050	
0.0000100000	
0	
notype	
0.0000000000	0.0000000000	
PB19	7
0.0000041100	0.0000041950	0.0000042800	0.0000043650	0.0000044500	0.0000045350	0.0000046200	
0.0000000050	0.0000000050	0.0000000050	0.0000000050	0.0000000050	0.0000000050	0.0000000050	
0	0	0	0	0	0	0	
cpmg	cpmg	cpmg	cpmg	cpmg	cpmg	cpmg	
0.0000000000	0.0000000000	
PB3	1
0.0000040000	
0.0000000700	
0	
notype	
0.0000000000	0.0000000000	

Comments: