2047
2080
2112
2144
2176
2208
2239
2271
2302
2333
2364
2394
2424
2454
2483
2512
2541
2569
2596
2623
2649
2675
2700
2724
2748
2771
2794
2815
2836
2856
2876
2894
2912
2928
2944
2959
2974
2987
2999
3010
3021
3030
3039
3046
3053
3058
3063
3066
3069
3070
3071
3070
3069
3066
3063
3058
3053
3046
3039
3030
3021
3010
2999
2987
2974
2959
2944
2928
2912
2894
2876
2856
2836
2815
2794
2771
2748
2724
2700
2675
2649
2623
2596
2569
2541
2512
2483
2454
2424
2394
2364
2333
2302
2271
2239
2208
2176
2144
2112
2080
2047
2015
1983
1951
1919
1887
1856
1824
1793
1762
1731
1701
1671
1641
1612
1583
1554
1526
1499
1472
1446
1420
1395
1371
1347
1324
1301
1280
1259
1239
1219
1201
1183
1167
1151
1136
1121
1108
1096
1085
1074
1065
1056
1049
1042
1037
1032
1029
1026
1025
1024
1025
1026
1029
1032
1037
1042
1049
1056
1065
1074
1085
1096
1108
1121
1136
1151
1167
1183
1201
1219
1239
1259
1280
1301
1324
1347
1371
1395
1420
1446
1472
1499
1526
1554
1583
1612
1641
1671
1701
1731
1762
1793
1824
1856
1887
1919
1951
1983
2015
2048
2080
2112
2144
2176
2208
2239
2271
2302
2333
2364
2394
2424
2454
2483
2512
2541
2569
2596
2623
2649
2675
2700
2724
2748
2771
2794
2815
2836
2856
2876
2894
2912
2928
2944
2959
2974
2987
2999
3010
3021
3030
3039
3046
3053
3058
3063
3066
3069
3070
3071
3070
3069
3066
3063
3058
3053
3046
3039
3030
3021
3010
2999
2987
2974
2959
2944
2928
2912
2894
2876
2856
2836
2815
2794
2771
2748
2724
2700
2675
2649
2623
2596
2569
2541
2512
2483
2454
2424
2394
2364
2333
2302
2271
2239
2208
2176
2144
2112
2080
2048
2015
1983
1951
1919
1887
1856
1824
1793
1762
1731
1701
1671
1641
1612
1583
1554
1526
1499
1472
1446
1420
1395
1371
1347
1324
1301
1280
1259
1239
1219
1201
1183
1167
1151
1136
1121
1108
1096
1085
1074
1065
1056
1049
1042
1037
1032
1029
1026
1025
1024
1025
1026
1029
1032
1037
1042
1049
1056
1065
1074
1085
1096
1108
1121
1136
1151
1167
1183
1201
1219
1239
1259
1280
1301
1324
1347
1371
1395
1420
1446
1472
1499
1526
1554
1583
1612
1641
1671
1701
1731
1762
1793
1824
1856
1887
1919
1951
1983
2015
2048
2080
2112
2144
2176
2208
2239
2271
2302
2333
2364
2394
2424
2454
2483
2512
2541
2569
2596
2623
2649
2675
2700
2724
2748
2771
2794
2815
2836
2856
2876
2894
2912
2928
2944
2959
2974
2987
2999
3010
3021
3030
3039
3046
3053
3058
3063
3066
3069
3070
3071
3070
3069
3066
3063
3058
3053
3046
3039
3030
3021
3010
2999
2987
2974
2959
2944
2928
2912
2894
2876
2856
2836
2815
2794
2771
2748
2724
2700
2675
2649
2623
2596
2569
2541
2512
2483
2454
2424
2394
2364
2333
2302
2271
2239
2208
2176
2144
2112
2080
2047
2015
1983
1951
1919
1887
1856
1824
1793
1762
1731
1701
1671
1641
1612
1583
1554
1526
1499
1472
1446
1420
1395
1371
1347
1324
1301
1280
1259
1239
1219
1201
1183
1167
1151
1136
1121
1108
1096
1085
1074
1065
1056
1049
1042
1037
1032
1029
1026
1025
1024
1025
1026
1029
1032
1037
1042
1049
1056
1065
1074
1085
1096
1108
1121
1136
1151
1167
1183
1201
1219
1239
1259
1280
1301
1324
1347
1371
1395
1420
1446
1472
1499
1526
1554
1583
1612
1641
1671
1701
1731
1762
1793
1824
1856
1887
1919
1951
1983
2015
2047
2080
2112
2144
2176
2208
2239
2271
2302
2333
2364
2394
2424
2454
2483
2512
2541
2569
2596
2623
2649
2675
2700
2724
2748
2771
2794
2815
2836
2856
2876
2894
2912
2928
2944
2959
2974
2987
2999
3010
3021
3030
3039
3046
3053
3058
3063
3066
3069
3070
3071
3070
3069
3066
3063
3058
3053
3046
3039
3030
3021
3010
2999
2987
2974
2959
2944
2928
2912
2894
2876
2856
2836
2815
2794
2771
2748
2724
2700
2675
2649
2623
2596
2569
2541
2512
2483
2454
2424
2394
2364
2333
2302
2271
2239
2208
2176
2144
2112
2080
2047
2015
1983
1951
1919
1887
1856
1824
1793
1762
1731
1701
1671
1641
1612
1583
1554
1526
1499
1472
1446
1420
1395
1371
1347
1324
1301
1280
1259
1239
1219
1201
1183
1167
1151
1136
1121
1108
1096
1085
1074
1065
1056
1049
1042
1037
1032
1029
1026
1025
1024
1025
1026
1029
1032
1037
1042
1049
1056
1065
1074
1085
1096
1108
1121
1136
1151
1167
1183
1201
1219
1239
1259
1280
1301
1324
1347
1371
1395
1420
1446
1472
1499
1526
1554
1583
1612
1641
1671
1701
1731
1762
1793
1824
1856
1887
1919
1951
1983
2015
2048
2080
2112
2144
2176
2208
2239
2271
2302
2333
2364
2394
2424
2454
2483
2512
2541
2569
2596
2623
2649
2675
2700
2724
2748
2771
2794
2815
2836
2856
2876
2894
2912
2928
2944
2959
2974
2987
2999
3010
3021
3030
3039
3046
3053
3058
3063
3066
3069
3070
3071
3070
3069
3066
3063
3058
3053
3046
3039
3030
3021
3010
2999
2987
2974
2959
2944
2928
2912
2894
2876
2856
2836
2815
2794
2771
2748
2724
2700
2675
2649
2623
2596
2569
2541
2512
2483
2454
2424
2394
2364
2333
2302
2271
2239
2208
2176
2144
2112
2080
2047
2015
1983
1951
1919
1887
1856
1824
1793
1762
1731
1701
1671
1641
1612
1583
1554
1526
1499
1472
1446
1420
1395
1371
1347
1324
1301
1280
1259
1239
1219
1201
1183
1167
1151
1136
1121
1108
1096
1085
1074
1065
1056
1049
1042
1037
1032
1029
1026
1025
1024
1025
1026
1029
1032
1037
1042
1049
1056
1065
1074
1085
1096
1108
1121
1136
1151
1167
1183
1201
1219
1239
1259
1280
1301
1324
1347
1371
1395
1420
1446
1472
1499
1526
1554
1583
1612
1641
1671
1701
1731
1762
1793
1824
1856
1887
1919
1951
1983
2015
2048
2080
2112
2144
2176
2208
2239
2271
2302
2333
2364
2394
2424
2454
2483
2512
2541
2569
2596
2623
2649
2675
2700
2724
2748
2771
2794
2815
2836
2856
2876
2894
2912
2928
2944
2959
2974
2987
2999
3010
3021
3030
3039
3046
3053
3058
3063
3066
3069
3070
3071
3070
3069
3066
3063
3058
3053
3046
3039
3030
3021
3010
2999
2987
2974
2959
2944
2928
2912
2894
2876
2856
2836
2815
2794
2771
2748
2724
2700
2675
2649
2623
2596
2569
2541
2512
2483
2454
2424
2394
2364
2333
2302
2271
2239
2208
2176
2144
2112
2080
2047
2015
1983
1951
1919
1887
1856
1824
1793
1762
1731
1701
1671
1641
1612
1583
1554
1526
1499
1472
1446
1420
1395
1371
1347
1324
1301
1280
1259
1239
1219
1201
1183
1167
1151
1136
1121
1108
1096
1085
1074
1065
1056
1049
1042
1037
1032
1029
1026
1025
1024
1025
1026
1029
1032
1037
1042
1049
1056
1065
1074
1085
1096
1108
1121
1136
1151
1167
1183
1201
1219
1239
1259
1280
1301
1324
1347
1371
1395
1420
1446
1472
1499
1526
1554
1583
1612
1641
1671
1701
1731
1762
1793
1824
1856
1887
1919
1951
1983
2015
2047
2080
2112
2144
2176
2208
2239
2271
2302
2333
2364
2394
2424
2454
2483
2512
2541
2569
2596
2623
2649
2675
2700
2724
2748
2771
2794
2815
2836
2856
2876
2894
2912
2928
2944
2959
2974
2987
2999
3010
3021
3030
3039
3046
3053
3058
3063
3066
3069
3070
3071
3070
3069
3066
3063
3058
3053
3046
3039
3030
3021
3010
2999
2987
2974
2959
2944
2928
2912
2894
2876
2856
2836
2815
2794
2771
2748
2724
2700
2675
2649
2623
2596
2569
2541
2512
2483
2454
2424
2394
2364
2333
2302
2271
2239
2208
2176
2144
2112
2080
2047
2015
1983
1951
1919
1887
1856
1824
1793
1762
1731
1701
1671
1641
1612
1583
1554
1526
1499
1472
1446
1420
1395
1371
1347
1324
1301
1280
1259
1239
1219
1201
1183
1167
1151
1136
1121
1108
1096
1085
1074
1065
1056
1049
1042
1037
1032
1029
1026
1025
1024
1025
1026
1029
1032
1037
1042
1049
1056
1065
1074
1085
1096
1108
1121
1136
1151
1167
1183
1201
1219
1239
1259
1280
1301
1324
1347
1371
1395
1420
1446
1472
1499
1526
1554
1583
1612
1641
1671
1701
1731
1762
1793
1824
1856
1887
1919
1951
1983
2015
2048
2080
2112
2144
2176
2208
2239
2271
2302
2333
2364
2394
2424
2454
2483
2512
2541
2569
2596
2623
2649
2675
2700
2724
2748
2771
2794
2815
2836
2856
2876
2894
2912
2928
2944
2959
2974
2987
2999
3010
3021
3030
3039
3046
3053
3058
3063
3066
3069
3070
3071
3070
3069
3066
3063
3058
3053
3046
3039
3030
3021
3010
2999
2987
2974
2959
2944
2928
2912
2894
2876
2856
2836
2815
2794
2771
2748
2724
2700
2675
2649
2623
2596
2569
2541
2512
2483
2454
2424
2394
2364
2333
2302
2271
2239
2208
2176
2144
2112
2080
2047
2015
1983
1951
1919
1887
1856
1824
1793
1762
1731
1701
1671
1641
1612
1583
1554
1526
1499
1472
1446
1420
1395
1371
1347
1324
1301
1280
1259
1239
1219
1201
1183
1167
1151
1136
1121
1108
1096
1085
1074
1065
1056
1049
1042
1037
1032
1029
1026
1025
1024
1025
1026
1029
1032
1037
1042
1049
1056
1065
1074
1085
1096
1108
1121
1136
1151
1167
1183
1201
1219
1239
1259
1280
1301
1324
1347
1371
1395
1420
1446
1472
1499
1526
1554
1583
1612
1641
1671
1701
1731
1762
1793
1824
1856
1887
1919
1951
1983
2015
